1.635481
0.880269
0.035237
0.033994
0.044678
0.086584
0.043851
0.086782
0.048283
0.043771
0.087168
0.044027
0.043627
0.046514
0.043656
0.046844
0.042907
0.046120
0.044528
0.045154
0.087094
0.045249
0.044055
0.046320
0.044531
0.044509
0.046499
0.044182
0.044558
0.044876
0.087050
0.044308
0.045343
0.045236
0.046055
0.045154
0.044344
0.044345
0.044999
0.044421
0.087406
0.044621
0.045340
0.044023
0.045352
0.045965
0.045533
0.046290
0.045054
0.044689
0.087699
0.045453
0.045079
0.045858
0.050128
0.044163
0.045052
0.044195
0.045687
0.044941
0.089775
0.044978
0.045362
0.048708
0.043395
0.045931
0.044592
0.044342
0.045623
0.044238
0.087991
0.044501
0.044910
0.049307
0.044094
0.043808
0.044622
0.044126
0.043859
0.046286
0.088648
0.044626
0.043776
0.043990
0.045244
0.045971
0.044824
0.048803
0.044982
0.044860
0.087992
0.045159
0.044704
0.044407
0.044566
0.046025
0.045894
0.049693
0.045492
0.046430
0.089901
0.049253
0.046082
0.048927
0.046640
0.047253
0.046582
0.045787
0.045360
0.044802
0.089265
0.045299
0.045295
0.044974
0.045495
0.045241
0.045484
0.046206
0.045844
0.046705
0.087999
0.045412
0.048293
0.046989
0.046854
0.044372
0.046414
0.045556
0.044009
0.045155
0.086402
0.043899
0.044066
0.045912
0.044741
0.045039
0.045308
0.046185
0.048129
0.048945
0.088409
0.047919
0.047893
0.048451
0.048066
0.047069
0.046778
0.045449
0.050523
0.046955
0.088370
0.045497
0.046759
0.047380
0.049622
0.046698
0.045671
0.048750
0.047324
0.046669
0.089320
0.045171
0.045817
0.045881
0.046099
0.047500
0.045141
0.046362
0.046864
0.044430
0.087565
0.045771
0.045108
0.044835
0.045335
0.046309
0.045796
0.045445
0.045177
0.046518
0.088532
0.044446
0.047307
0.046104
0.046001
0.044489
0.046341
0.044472
0.045947
0.045862
0.087660
0.045038
0.044454
0.045198
0.044730
0.044114
0.045408
0.044749
0.044518
0.045190
0.086891
0.046144
0.045546
0.045895
0.045224
0.046943
0.044450
0.046231
0.044842
0.046786
0.090151
0.046097
0.046382
0.045313
0.046137
0.044991
0.044803
0.047620
0.045257
0.045096
0.089801
0.046376
0.046208
0.045985
0.046534
0.046976
0.045395
0.048393
0.046210
0.048216
0.087912
0.046075
0.045082
0.048813
0.045700
0.044669
0.046054
0.044491
0.044229
0.044697
0.087022
0.044907
0.046190
0.045482
0.044828
0.045617
0.045798
0.045057
0.047141
0.046960
0.088192
0.045497
0.045166
0.091764
0.090443
0.044366
0.046710
0.087297
0.088008
0.090755
0.090299
0.088260
0.048870
0.087684
0.089573
0.048809
0.087703
0.087847
0.046967
0.045918
0.088779
0.046662
0.045498
0.048408
0.090677
0.045164
0.049026
0.047408
0.047711
0.047411
0.089961
0.046366
0.046986
0.045871
0.049296
0.045336
0.046568
0.045962
0.047405
0.046263
0.088690
0.045154
0.045492
0.045269
0.045045
0.088695
0.087942
0.048719
0.044533
0.088083
0.088336
0.045379
0.047044
0.049605
0.046145
0.044577
0.048107
0.045833
0.087687
0.088504
0.086877
0.086937
0.043657
0.086884
0.088784
0.045031
0.089637
0.088980
0.087997
0.045781
0.087026
0.045167
0.044422
0.046347
0.044810
0.089782
0.046403
0.045498
0.045056
0.046513
0.086445
0.045757
0.050436
0.044894
0.045644
0.045154
0.046442
0.044649
0.045043
0.044811
0.088776
0.044760
0.044260
0.044800
0.045699
0.045798
0.045017
0.044917
0.044640
0.044856
0.090111
0.046147
0.046328
0.045112
0.046212
0.047093
0.047405
0.087444
0.089754
0.088375
0.087501
0.095522
0.044859
0.046724
0.089733
0.044824
0.046804
0.045269
0.044834
0.089576
0.088968
0.087333
0.043929
0.045068
0.088646
0.047646
0.045106
0.045944
0.044538
0.043926
0.088791
0.044934
0.087482
0.045510
0.045137
0.087437
0.046403
0.045252
0.045890
0.044367
0.088416
0.043834
0.044837
0.087955
0.087914
0.087370
0.087755
0.045316
0.087893
0.087194
0.087334
0.043859
0.046150
0.044676
0.046252
0.045363
0.045635
0.047803
0.045124
0.044852
0.089473
0.045974
0.044861
0.045358
0.046266
0.044514
0.045192
0.046795
0.046856
0.044169
0.086919
0.044520
0.044851
0.046061
0.044922
0.044966
0.046824
0.045134
0.047215
0.045011
0.088493
0.045031
0.044311
0.046276
0.044683
0.045533
0.046793
0.044909
0.047804
0.047859
0.089993
0.043825
0.046796
0.045572
0.045048
0.045290
0.046085
0.044713
0.044671
0.046277
0.086972
0.044437
0.046281
0.044561
0.046921
0.045381
0.046004
0.045132
0.045387
0.047772
0.088360
0.044622
0.046976
0.044908
0.088120
0.044913
0.046128
0.045930
0.046849
0.045908
0.089305
0.046210
0.047792
0.046434
0.046422
0.088427
0.045996
0.045647
0.048443
0.052745
0.093269
0.089405
0.049165
0.046178
0.051974
0.046569
0.046342
0.047305
0.045914
0.046947
0.091111
0.046276
0.047554
0.046842
0.046958
0.046412
0.045971
0.045772
0.046532
0.046175
0.088681
0.046806
0.047333
0.047523
0.047276
0.047139
0.046570
0.046947
0.048026
0.047013
0.090722
0.046789
0.046679
0.046399
0.046479
0.046007
0.046688
0.045974
0.044855
0.045706
0.087739
0.044495
0.046639
0.046837
0.047407
0.044230
0.044433
0.046404
0.044586
0.044542
0.088353
0.044646
0.045169
0.044265
0.044757
0.045531
0.045616
0.046640
0.044659
0.045413
0.087650
0.045253
0.046016
0.045334
0.046387
0.043828
0.045971
0.044261
0.046563
0.045046
0.086760
0.045713
0.045276
0.046052
0.046375
0.044150
0.046505
0.044090
0.046961
0.045577
0.087144
0.044968
0.045681
0.043890
0.043478
0.044827
0.044727
0.043743
0.044403
0.046456
0.086895
0.044883
0.045362
0.044895
0.044050
0.044659
0.044509
0.044901
0.045070
0.046471
0.087591
0.044835
0.045437
0.045105
0.048424
0.045455
0.045978
0.043897
0.046546
0.044869
0.087617
0.045937
0.044424
0.045750
0.045399
0.046726
0.045836
0.046069
0.046172
0.046446
0.089259
0.044483
0.044616
0.044646
0.045121
0.045640
0.044252
0.047239
0.045532
0.045605
0.088050
0.045770
0.044088
0.044817
0.044864
0.046031
0.045510
0.086602
0.088541
0.088820
0.086718
0.086817
0.088413
0.087859
0.045340
0.087076
0.044879
0.089352
0.088723
0.087728
0.089009
0.088464
0.088243
0.087685
0.090163
0.045039
0.088576
0.048827
0.045371
0.047769
0.088715
0.047567
0.045749
0.045722
0.046142
0.045608
0.045935
0.045638
0.045114
0.045024
0.090202
0.044847
0.087812
0.045074
0.045720
0.088257
0.045025
0.044918
0.087903
0.046331
0.090061
0.045537
0.088113
0.045107
0.046326
0.046193
0.088136
0.044900
0.047661
0.045226
0.087114
0.044587
0.088727
0.044950
0.087592
0.045660
0.087628
0.044449
0.045615
0.044825
0.090312
0.049675
0.046582
0.045769
0.089181
0.088276
0.047146
0.089465
0.092762
0.088292
0.088563
0.047777
0.089737
0.045596
0.045090
0.046816
0.047301
0.045827
0.044413
0.046042
0.088853
0.047722
0.046495
0.047755
0.046101
0.044585
0.045488
0.046098
0.049122
0.045336
0.090814
0.047220
0.046610
0.047630
0.047004
0.053166
0.046844
0.046811
0.046448
0.046083
0.089650
0.045689
0.046268
0.045662
0.046887
