1.293526
0.031751
0.030793
0.032019
0.031637
0.033703
0.039262
0.041606
0.042460
0.040641
0.085258
0.049429
0.041458
0.042455
0.041478
0.042505
0.042058
0.043025
0.042489
0.043220
0.085383
0.042085
0.042912
0.043181
0.043573
0.042596
0.042914
0.041966
0.042515
0.042826
0.088095
0.041776
0.041688
0.041506
0.041427
0.042272
0.041703
0.043233
0.043265
0.043361
0.084355
0.041872
0.041931
0.042423
0.043973
0.042068
0.041792
0.041686
0.042326
0.042251
0.085947
0.042575
0.043188
0.042826
0.042586
0.042865
0.042403
0.044189
0.043100
0.042088
0.085670
0.046972
0.041803
0.043571
0.042520
0.043326
0.042969
0.042984
0.043086
0.042682
0.085137
0.043517
0.042447
0.041728
0.042200
0.041683
0.040889
0.040862
0.043493
0.040337
0.085382
0.042973
0.041236
0.040438
0.040559
0.040212
0.040253
0.042527
0.040522
0.040353
0.086576
0.042986
0.041848
0.042136
0.043647
0.042523
0.043322
0.041451
0.041333
0.041668
0.083704
0.042993
0.043104
0.041962
0.042135
0.042999
0.043417
0.043665
0.041616
0.041573
0.084728
0.042179
0.041748
0.041319
0.041474
0.041971
0.040708
0.042071
0.042010
0.042659
0.085470
0.041895
0.041248
0.043077
0.041845
0.046602
0.041594
0.040988
0.042487
0.041915
0.085075
0.042184
0.042782
0.041193
0.041299
0.041390
0.041358
0.042189
0.042068
0.042308
0.085559
0.042006
