1.281806
0.047408
0.048693
0.046077
0.046566
0.046996
0.051006
0.058461
0.059335
0.057522
0.098119
0.055919
0.058035
0.056086
0.056428
0.055259
0.069757
0.065097
0.059091
0.057746
0.100615
0.056663
0.058707
0.055861
0.055193
0.056510
0.057308
0.056480
0.057949
0.059087
0.100889
0.057296
0.057361
0.058164
0.055979
0.056087
0.057536
0.058967
0.058218
0.061823
0.100349
0.057106
0.057509
0.056722
0.055116
0.057417
0.057341
0.055852
0.056586
0.058429
0.101379
0.056795
0.058553
0.057143
0.055892
0.057484
0.059625
0.058190
0.056956
0.059711
0.099911
0.058121
0.057861
0.059285
0.055618
0.056100
0.057333
0.055251
0.056623
0.056168
0.098427
0.055370
0.056059
0.056159
0.058074
0.055789
0.057997
0.057905
0.056136
0.055804
0.098676
0.056974
0.055222
0.057626
0.056794
0.056339
0.057634
0.058140
0.058449
0.056798
0.099245
0.055887
0.055838
0.057137
0.057264
0.056530
0.056041
0.057461
0.057770
0.057335
0.098568
0.055059
0.056137
0.057174
0.056303
0.057289
0.059597
0.057868
0.059442
0.057895
0.098608
0.055448
0.056079
0.055562
0.056453
0.057400
0.058161
0.056475
0.056781
0.056672
0.100109
0.056147
0.058610
0.057166
0.056718
0.057322
0.057431
0.056542
0.056750
0.058589
0.102362
0.056436
0.056674
0.057163
0.055376
0.060333
0.058141
0.059202
0.057771
0.056616
0.101833
0.059114
0.056745
0.057538
0.056455
0.058346
0.056158
0.055662
0.059747
0.055345
0.099319
0.055394
0.055958
0.055659
0.056343
0.057587
0.057071
0.057229
0.056852
0.058085
0.101495
0.058793
0.057192
0.056488
0.057778
0.058733
0.057883
0.057676
0.056789
0.057556
0.098110
0.055595
0.057315
0.055352
0.056792
0.057941
0.056996
0.056186
0.057554
0.057954
0.102844
0.057968
0.056805
0.058042
0.059673
0.059942
0.057163
0.065321
0.058710
0.056804
0.099041
0.057276
0.058684
0.060439
0.059831
0.059094
0.058433
0.058710
0.058421
0.056591
0.101935
0.056762
0.056961
0.056942
0.055668
0.057395
0.056491
0.058387
0.056618
0.057160
0.106011
0.056381
0.056334
0.058528
0.059858
0.057085
0.057564
0.057534
0.058202
0.056957
0.099998
0.058361
0.062716
0.057561
0.057013
0.057444
0.057558
0.060089
0.057039
0.055431
0.100299
0.056646
0.056504
0.057571
0.056050
0.055844
0.056859
0.058674
0.056735
0.056651
0.100173
0.057722
0.059818
0.057506
0.057982
0.099544
0.056159
0.056348
0.055873
0.057259
0.106300
0.056377
0.054985
0.055870
0.055848
0.055326
0.057739
0.056619
0.056171
0.061345
0.099791
0.057151
0.056992
0.055423
0.057766
0.056286
0.057666
0.056020
0.056185
0.057278
0.099853
0.054395
0.057084
0.056546
0.059186
0.068795
0.057488
0.057493
0.055059
0.060799
0.098952
0.058750
0.059637
0.055925
0.057709
0.056747
0.056384
0.058884
0.061768
0.058487
0.099528
0.056788
0.055671
0.054970
0.061068
0.057882
0.058334
0.057794
0.057066
0.056284
0.099925
0.059127
0.058403
0.060196
0.055966
0.057912
0.056704
0.055499
0.055878
0.057539
0.100089
0.056079
0.055046
0.057524
0.056168
0.058304
0.055235
0.057468
0.056897
0.055806
0.098836
0.055242
0.059088
0.099315
0.057225
0.058469
0.058913
0.056913
0.057786
0.058159
0.099787
0.057216
0.056704
0.057429
0.056897
0.056310
0.057304
0.057539
0.058320
0.055319
0.098992
0.058547
0.057705
0.056754
0.058133
0.055648
0.057611
0.057025
0.057279
0.055152
0.099103
0.059118
0.057120
0.057200
0.056144
0.057885
0.058613
0.083170
0.058192
0.057299
0.100371
0.059446
0.057542
0.057481
0.058285
0.057963
0.058913
0.057712
0.056316
0.056190
0.100325
0.057881
0.058412
0.057857
0.058228
0.056903
0.055997
0.057970
0.057244
0.058932
0.103413
0.059471
0.058022
0.056522
0.058964
0.055655
0.056226
0.060148
0.058948
0.056062
0.102775
0.057943
0.058418
0.062917
0.056453
0.057838
0.058456
0.057147
0.058031
0.057838
0.101225
0.056539
0.056475
0.055971
0.056833
0.057288
0.057715
0.059417
0.058438
0.057003
0.102356
0.057352
0.055985
0.055971
0.056810
0.056875
0.055681
0.056249
0.057316
0.054788
0.099347
0.057072
0.057001
0.058144
0.057773
0.064866
0.061007
0.057141
0.056158
0.062096
0.099109
0.055347
0.056256
0.056369
0.059775
0.056741
0.060950
0.057165
0.055907
0.058682
0.099585
0.057002
0.059368
0.057306
0.056463
0.057390
0.057780
0.056010
0.057080
0.056911
0.098843
0.058010
0.058484
0.057323
0.057617
0.058192
0.056246
0.058259
0.056885
0.055591
0.099359
0.057095
0.058453
0.058435
0.057125
0.060364
0.056033
0.057683
0.060350
0.057261
0.103240
0.057762
0.059838
0.060700
0.059214
0.057487
0.056053
0.056693
0.060339
0.056211
0.099067
0.056011
0.055717
0.055603
0.055968
0.059072
0.064419
0.057760
0.057538
0.056344
0.099731
0.057861
0.056416
0.055594
0.058126
0.058304
0.056542
0.058148
0.057155
0.056337
0.099846
0.055300
0.059343
0.057583
0.056496
0.058948
0.056926
0.055730
0.056999
0.056720
0.099478
0.056456
0.056479
0.056966
0.058164
0.057359
0.056753
0.068749
0.057072
0.055888
0.099945
0.056453
0.056626
0.057997
0.057664
0.056882
0.056277
0.057784
0.060110
0.058108
0.101280
0.056284
0.057116
0.060276
0.056407
0.057486
0.063411
0.056957
0.059092
0.057397
0.099911
0.055927
0.056817
0.056811
0.058665
0.056951
0.063036
0.058812
0.057527
0.058245
0.101501
0.057029
0.055669
0.056775
0.055357
0.056399
0.056762
0.056147
0.057062
0.058880
0.100966
0.056237
0.056593
0.056098
0.055311
0.057033
0.055938
0.057489
0.056659
0.059147
0.098041
0.055951
0.057756
0.059202
0.058739
0.057107
0.056848
0.057409
0.055016
0.056681
0.100862
0.057607
0.058129
0.068601
0.055539
0.060463
0.056927
0.056786
0.056774
0.056504
0.101336
0.056490
0.057579
0.056098
0.057017
0.060519
0.059183
0.059505
0.059828
0.063662
0.101310
0.057654
0.058726
0.057417
0.057765
0.059257
0.057631
0.058278
0.057228
0.057751
0.100466
0.057321
0.057755
0.057938
0.055912
0.057218
0.056823
0.056261
0.054862
0.057415
0.104225
0.055705
0.058329
0.057555
0.058099
0.055930
0.057548
0.056643
0.056005
0.058029
0.103279
0.058681
0.056576
0.060437
0.058026
0.056662
0.058618
0.057057
0.056135
0.055933
0.100062
0.056719
0.056705
0.056885
0.057427
0.056754
0.056692
0.059128
0.056036
0.055854
0.101461
0.059039
0.058016
0.056047
0.056794
0.056277
0.056214
0.055807
0.055406
0.056767
0.103665
0.055334
0.058551
0.062757
0.056726
0.057063
0.056467
0.055718
0.056349
0.055610
0.099485
0.055847
0.056556
0.060477
0.055271
0.056730
0.056085
0.055549
0.056526
0.056503
0.102481
0.055957
0.056920
0.059806
0.057251
0.057375
0.058794
0.062584
0.056744
0.056655
0.099713
0.055017
0.055740
0.056752
0.056066
0.057857
0.055421
0.056231
0.057166
0.058342
0.102238
0.055847
0.055533
0.059871
0.055955
0.055977
0.056183
0.055189
0.057372
0.055999
0.098334
0.056660
0.057309
0.057071
0.057438
0.058451
0.062426
0.057036
0.058737
0.057511
0.100844
0.058122
0.057444
0.056034
0.055516
0.058344
0.057258
0.059070
0.058342
0.058304
0.098057
0.055664
0.056919
0.055439
0.057572
0.056870
0.058420
0.056402
0.057250
0.057892
0.104658
0.057997
0.057353
0.061100
0.058202
0.055743
0.057737
0.056125
0.058318
0.056711
0.098672
0.055253
0.055954
0.055431
0.057767
0.057426
0.058650
0.060394
0.058664
0.057761
0.100064
0.057142
0.056265
0.057762
0.062165
0.057670
0.056948
0.058944
0.056647
0.057169
0.099817
0.059275
0.058163
0.055946
0.058483
0.055809
0.055932
0.056515
0.057357
0.056844
0.099082
0.056958
0.060906
0.056991
0.057744
0.057855
0.058155
0.055681
0.057264
0.057484
0.098215
0.055890
0.056288
0.058661
0.056151
0.056248
0.056577
0.055735
0.056917
0.055990
0.099503
0.056972
0.055310
0.056887
0.055007
0.057127
0.057480
0.058686
0.058033
0.056770
0.097539
0.054863
0.055647
0.057315
0.054838
0.056392
0.056714
0.057547
0.056176
0.056868
0.101161
0.055808
0.055553
0.056593
0.056551
0.054699
0.055888
0.056498
0.103474
0.057238
0.097847
0.055822
0.060329
0.057447
0.057689
0.056088
0.057407
0.056561
0.055868
0.057821
0.100778
0.057349
0.056454
0.056410
0.056765
0.057120
0.056673
0.058857
0.057184
0.057251
0.109519
0.060360
0.056973
0.058789
0.057886
0.060728
0.058946
0.058501
0.057165
0.056847
0.112403
0.057986
0.057893
0.058434
0.057307
0.057392
0.063672
0.057902
0.060977
0.060366
0.100201
0.059007
0.058947
0.057016
0.059350
0.057265
0.062554
0.059186
0.061677
0.057359
0.107497
0.058095
0.060278
0.058425
0.059746
0.058205
0.056267
0.057789
0.057949
0.056315
0.098581
0.058337
0.056381
0.058188
0.060976
0.055612
0.059528
0.056009
0.056487
0.055842
0.099896
0.057242
0.057744
0.058919
0.057625
0.055782
0.057144
0.058044
0.056117
0.058654
0.099317
0.058000
0.057326
0.061156
0.056668
0.059244
0.060175
0.058303
0.059086
0.058308
0.098732
0.056694
0.056911
0.058083
0.058926
0.056637
0.057064
0.058268
0.057282
0.057956
0.100500
0.057839
0.057983
0.059156
0.058274
0.056537
0.056128
0.056861
0.056579
0.055835
0.100682
0.058728
0.057270
0.057779
0.060525
0.055536
0.056950
0.057852
0.056866
0.056774
0.098790
0.055835
0.055807
0.056675
0.056567
0.056311
0.056597
0.056483
0.056424
0.057277
0.103848
0.058220
0.057840
0.057827
0.058511
0.059708
0.057155
0.057549
0.056141
0.063372
0.102026
0.057712
0.058550
0.056219
0.056717
0.057425
0.057389
0.058307
0.057246
0.056958
0.099636
0.056366
0.057675
0.056229
0.057555
0.057185
0.055583
0.056167
0.056302
0.061172
0.098565
0.057842
0.056537
0.056548
0.058212
0.058864
0.062083
0.055838
0.057425
0.056840
0.101286
0.056625
0.056861
0.057653
0.057852
0.056439
0.056340
0.056746
0.056540
0.059147
0.100703
0.059615
0.056689
0.056826
0.058144
0.057906
0.059194
0.057598
0.058430
0.056620
0.102775
0.056531
0.057749
0.056727
0.057536
0.058175
0.058736
0.056148
0.057632
0.056894
0.100959
0.057804
0.057327
0.057396
0.057241
0.058504
0.059113
0.061581
0.057555
0.056103
0.099397
0.055627
0.056710
0.056488
0.058049
0.057104
0.056421
0.056952
0.055503
0.056453
0.098463
0.057176
0.056737
0.060191
0.055751
0.056528
0.057216
0.055944
0.055723
0.058153
0.099621
0.055848
0.054442
0.055740
0.057795
0.057107
0.055341
0.057872
0.061957
0.056135
0.100234
0.056711
0.055899
0.056363
0.055894
0.056561
0.056499
0.058534
0.055279
0.055785
0.099165
0.054739
0.054777
0.059077
0.056121
0.055365
0.054574
0.055298
0.058460
0.056289
0.102592
0.062449
0.056169
0.056748
0.055989
0.055077
0.057260
0.057600
0.055672
0.058095
0.097739
0.055526
0.056495
0.058160
0.059123
0.054729
0.056266
0.055877
0.056212
0.060338
0.099426
0.055897
0.055540
0.056271
0.056043
0.054112
0.055867
0.055833
0.056575
0.058251
0.098696
0.055200
0.055491
0.054505
0.056016
0.054910
0.056890
0.055616
0.056499
0.056415
0.097302
0.057703
0.060188
0.054949
0.055011
0.055046
0.054456
0.056931
0.054444
0.054736
0.101973
0.056296
0.056742
0.055432
0.056089
0.057853
0.056111
0.055923
0.056162
0.054579
0.097879
0.056066
0.056989
0.055871
0.056891
0.055280
0.055083
0.055357
0.056226
0.057140
0.098066
0.057863
0.056255
0.055808
0.057012
0.056245
0.054789
0.056094
0.057587
0.057478
0.098592
0.056076
0.057092
0.055333
0.054794
0.056148
0.056635
0.060837
0.055276
0.056971
0.099169
0.055279
0.056796
0.056528
0.056540
0.055221
0.055583
0.054601
0.057222
0.056005
0.100051
0.059174
0.056626
0.057935
0.055782
0.057102
0.056499
0.057481
0.057833
0.055774
0.101114
0.055984
0.054881
0.055287
0.055003
0.056216
0.057004
0.054183
0.057634
0.056334
0.100451
0.055022
0.054950
0.054367
0.056268
0.057593
0.056271
0.056111
0.055833
0.055156
0.101322
0.058585
0.056132
0.056539
0.056514
0.056859
0.056973
0.056236
0.056741
0.054906
0.099756
0.059161
0.057472
0.053798
0.056381
0.056236
0.055309
0.057616
0.056703
0.055005
0.098248
0.055553
0.057454
0.056147
0.057776
0.058023
0.056706
0.054760
0.055950
0.061692
0.099748
0.056359
0.057961
0.059580
0.057493
0.058401
0.056864
0.055853
0.055732
0.055792
0.102712
0.057124
0.058337
0.056481
0.054902
0.055439
0.055349
0.058559
0.055983
0.057142
0.100381
0.055980
0.055371
0.055883
0.054257
0.056313
0.054074
0.058549
0.056123
0.056062
0.100826
0.055055
0.058129
0.057253
0.057920
0.055242
0.056504
0.055373
0.058804
0.056956
0.099778
0.054571
0.056479
0.057587
0.055969
0.056823
0.055432
0.057136
0.062546
0.056112
0.100844
0.056714
0.055435
0.056555
0.056881
0.056770
0.057083
0.055547
0.057845
0.055926
0.099184
0.057148
0.055554
0.057040
0.057952
0.056025
0.057312
0.057589
0.055934
0.056554
0.098279
0.060088
0.057665
0.055616
0.055720
0.056115
0.056084
0.056396
0.056889
0.058113
0.097815
0.061890
0.057668
0.057312
0.056283
0.056219
0.056425
0.055417
0.057841
0.056474
0.098543
0.055897
0.056312
0.056885
0.057418
0.061056
0.057043
0.055700
0.056107
0.057100
0.099465
0.058198
0.057326
0.056371
0.058922
0.059256
0.057475
0.057995
0.058002
0.059019
0.101640
0.055522
0.058089
0.055764
0.057538
0.057385
0.056734
0.056718
0.055335
0.057271
0.100903
0.056243
0.059855
0.057258
0.057083
0.099149
0.055776
0.057917
0.055866
0.056992
0.100089
0.057626
0.060500
0.057089
0.099952
0.101176
0.057290
0.055353
0.056730
0.057988
0.100040
0.058658
0.072564
0.098768
0.059949
0.056416
0.055274
0.057588
0.056211
0.056873
0.100006
0.056520
0.055839
0.054958
0.057095
0.057578
0.057628
0.059439
0.058182
0.059104
0.098856
0.056574
0.061648
0.098864
0.098991
0.101219
0.099812
0.100457
0.099475
0.101691
0.099971
0.098546
0.101152
0.100471
0.101118
0.100129
0.102594
0.101857
0.099219
0.098650
0.101045
0.057602
0.056659
0.058370
0.057543
0.101396
0.057810
0.102858
0.058878
0.058230
0.104028
0.058447
0.057551
0.057499
0.056150
0.056484
0.098603
0.057421
0.057091
0.059091
0.098881
0.056542
0.059506
0.056225
0.099739
0.098662
0.056062
0.056090
0.057440
0.055627
0.101490
0.099862
0.056338
0.102531
0.057425
0.099242
0.100952
0.100589
0.102029
0.100142
0.100248
0.054875
0.056234
0.101810
0.056606
0.098975
0.098884
0.100064
0.056456
0.105673
0.100532
0.055021
0.098506
0.060027
0.057694
0.056681
0.099936
0.056897
0.060252
0.056385
0.099892
0.101179
0.057127
0.057626
0.057725
0.059150
0.057542
0.056675
0.056730
0.056305
0.098337
0.057662
0.058746
0.058681
0.057650
0.060340
0.058514
0.057350
0.058789
0.057572
0.100032
0.056270
0.056896
0.056329
0.055888
0.057532
0.058024
0.058635
0.057996
0.061637
0.100064
0.056760
0.057820
0.059409
0.057695
0.057185
0.057786
0.056289
0.101234
0.057880
0.100814
0.057375
0.060258
0.058551
0.059452
0.056386
0.059643
0.058041
0.057248
0.061682
0.100889
0.057395
0.056832
0.056639
0.059443
0.062397
0.056880
0.057476
0.056719
0.057498
0.099911
0.056445
0.056504
0.056848
0.057547
0.058292
0.055764
0.056561
0.058384
0.055781
0.101751
0.058659
0.057369
0.056919
0.058268
0.057801
0.055619
0.056386
0.056617
0.055664
0.101014
0.056515
0.056990
0.056906
0.056820
0.057099
0.056652
0.057691
0.056320
0.058205
0.100136
0.057040
0.060448
0.056830
0.056714
0.056865
0.055576
0.055257
0.057903
0.060845
0.098336
0.059109
0.057146
0.056808
0.060962
0.057509
0.062382
0.056372
0.057192
0.057524
0.099019
0.056480
0.059884
0.057515
0.059626
0.058501
0.056793
0.057338
0.057250
0.055926
0.102432
0.056428
0.057900
0.054494
0.056898
0.056696
0.060470
0.057756
0.058462
0.057230
0.099135
0.056243
0.058237
0.056901
0.056196
0.055859
0.056071
0.056971
0.059125
0.060154
0.100343
0.056312
0.057048
0.059712
0.059218
0.056443
0.057223
0.055765
0.057079
0.057685
0.099568
0.055156
0.056080
0.055976
0.055688
0.056581
0.057057
0.061241
0.058371
0.056521
0.099649
0.058666
0.058851
0.055887
0.054910
0.056027
0.057764
0.056816
0.057506
0.056932
0.101022
0.056505
0.056304
0.056055
0.055952
0.056627
0.057860
0.057501
0.056336
0.058946
0.101658
0.056354
0.056290
0.061439
0.057200
0.057323
0.058587
0.059433
0.061101
0.057955
0.100059
0.058640
0.057638
0.057784
0.057212
0.057820
0.057823
0.057068
0.056946
0.061652
0.100725
0.056514
0.055207
0.055890
0.055924
0.058353
0.057254
0.058006
0.056089
0.056907
0.101107
0.058547
0.056124
0.056766
0.056370
0.057686
0.055816
0.056880
0.058559
0.056309
0.099362
0.056165
0.056274
0.055982
0.058147
0.057547
0.057163
0.057436
0.058579
0.057130
0.100163
0.058478
0.055839
