16.190588
0.502222
0.025220
0.026160
0.024472
0.060238
0.027998
0.025368
0.024235
0.024791
0.059254
0.025749
0.024257
0.031016
0.029935
0.028257
0.011527
0.012410
0.037083
0.030056
0.064613
0.029132
0.024371
0.025136
0.024150
0.025357
0.025731
0.026886
0.023930
0.025760
0.059071
0.024782
0.024498
0.025198
0.024662
0.024787
0.024436
0.026168
0.024507
0.025267
0.059336
0.025343
0.029801
0.030662
0.028716
0.035719
0.031682
0.029966
0.026319
0.026476
0.060249
0.026550
0.024796
0.027905
0.026700
0.027779
0.026184
0.025411
0.025728
0.026412
0.060138
0.026750
0.027318
0.025375
0.024139
0.025846
0.024531
0.025541
0.023970
0.025789
0.059399
0.030234
0.030724
0.033581
0.027227
0.026041
0.024699
0.026120
0.024562
0.025306
0.060239
0.028067
0.026759
0.028334
0.024576
0.025550
0.025155
0.025992
0.024218
0.025132
0.061072
0.026975
0.026412
0.025528
0.025179
0.025979
0.028530
0.030137
0.024066
0.024267
0.061720
0.025442
0.025256
0.026687
0.025954
0.024145
0.023724
0.025077
0.024149
0.027788
0.063035
0.026878
0.024627
0.027772
0.024445
0.028379
0.024523
0.026885
0.025160
0.026880
0.059850
0.026104
0.024333
0.025458
0.025110
0.025665
0.025934
0.025706
0.027177
0.028952
0.060449
0.025768
0.024966
0.025823
0.026799
0.024884
0.024354
0.027655
0.026496
0.026192
0.059814
0.025369
0.024551
0.025293
0.024307
0.025411
0.024195
0.024637
0.022596
0.024952
0.059475
0.027094
0.025356
0.025817
0.025244
0.025816
0.026412
0.026960
0.032693
0.025947
0.060718
0.026940
0.024007
0.024877
0.026105
0.026796
0.024992
0.025465
0.023743
0.025125
0.061335
0.026985
0.025318
0.025689
0.025074
0.025621
0.024926
0.026576
0.023812
0.024927
0.061274
0.026282
0.024342
0.026198
0.029648
0.031843
0.031063
0.026219
0.023323
0.024628
0.059528
0.026350
0.025256
0.025095
0.024170
0.025950
0.025109
0.025397
0.024187
0.024865
0.059531
0.026384
0.023978
0.026121
0.023805
0.024998
0.023330
0.024787
0.023973
0.025167
0.059469
0.026289
0.026846
0.026977
0.025491
0.028116
0.024241
0.026156
0.024348
0.025106
0.059953
0.026510
0.025972
0.026350
0.028130
0.025604
0.025121
0.026472
0.025900
0.025558
0.059335
0.025713
0.024565
0.025210
0.023871
0.026803
0.025714
0.026551
0.025267
0.025277
0.060951
0.031503
0.027027
0.027330
0.024290
0.060519
0.024685
0.026103
0.026337
0.027097
0.060809
0.026730
0.024405
0.025104
0.058147
0.062390
0.060752
0.061008
0.058452
0.024102
0.060184
0.060968
0.061712
0.066975
0.025856
0.059051
0.063157
0.061009
0.025805
0.024405
0.063037
0.027226
0.061363
0.061393
0.026379
0.060463
0.060169
0.025727
0.026221
0.024766
0.063013
0.031826
0.030599
0.030864
0.026479
0.025470
0.026525
0.029774
0.033431
0.029260
0.065289
0.029187
0.030911
0.065277
0.030519
0.028838
0.030612
0.029355
0.030043
0.028103
0.065926
0.029943
0.025267
0.024379
0.062656
0.064015
0.028035
0.027089
0.062327
0.060830
0.062615
0.060503
0.062472
0.061036
0.063143
0.061498
0.061419
0.060255
0.062195
0.024750
0.061591
0.025681
0.029537
0.029374
0.030738
0.060319
0.025545
0.061540
0.026866
0.031755
0.065426
0.025240
0.024848
0.024627
0.024421
0.023226
0.025202
0.023777
0.025131
0.024056
0.060470
0.025952
0.025039
0.024852
0.025462
0.024173
0.026416
0.060543
0.026436
0.026419
0.064174
0.025040
0.026398
0.027076
0.027954
0.024710
0.025130
0.024560
0.061064
0.025929
0.063371
0.030177
0.029827
0.029260
0.029510
0.026840
0.029020
0.028749
0.030736
0.026078
0.065281
0.032759
0.027903
0.025911
0.027062
0.025331
0.031545
0.024489
0.026407
0.063151
0.061824
0.026098
0.025638
0.060044
0.026764
0.060776
0.028367
0.025753
0.026637
0.024600
0.060940
0.026124
0.026728
0.059463
0.065005
0.060776
0.063522
0.030160
0.061250
0.062675
0.061677
0.060948
0.027415
0.025522
0.026356
0.024525
0.025367
0.024116
0.025231
0.024278
0.059820
0.024743
0.025905
0.025623
0.025856
0.024054
0.026954
0.026952
0.025933
0.023519
0.060209
0.024421
0.039945
0.026971
0.028031
0.023945
0.024799
0.023817
0.024442
0.023967
0.059855
0.025333
0.025238
0.023863
0.025019
0.024488
0.025121
0.023025
0.025079
0.023231
0.059702
0.025606
0.025141
0.024127
0.025853
0.025738
0.025237
0.025941
0.026298
0.025368
0.059836
0.030099
0.025985
0.025680
0.025656
0.025447
0.025926
0.024905
0.029317
0.059823
0.062880
0.026095
0.025998
0.025887
0.025483
0.029188
0.027511
0.024508
0.025493
0.026278
0.062341
0.026820
0.027184
0.024229
0.059756
0.060906
0.066032
0.026835
0.025061
0.024046
0.060112
0.024110
0.060534
0.061070
0.061920
0.025044
0.025117
0.025004
0.024707
0.009744
0.060416
0.025272
0.025305
0.024518
0.027037
0.024999
0.024745
0.024688
0.026551
0.024412
0.060925
0.031271
0.027692
0.025882
0.025282
0.023334
0.024967
0.024457
0.025832
0.024429
0.061280
0.024929
0.026613
0.024898
0.025779
0.024188
0.024768
0.030660
0.025676
0.024110
0.060402
0.025390
0.027551
0.025504
0.025634
0.022387
0.029567
0.029536
0.033089
0.031571
0.069789
0.032078
0.030891
0.029622
0.031405
0.030017
0.031326
0.029289
0.029701
0.028848
0.067671
0.029963
0.029711
0.029638
0.030749
0.029425
0.029637
0.031680
0.029337
0.027237
0.059897
0.024966
0.025493
0.023518
0.025073
0.032128
0.027188
0.026039
0.025743
0.024019
0.060921
0.025931
0.027563
0.025135
0.025270
0.024292
0.025090
0.025038
0.025383
0.024213
0.061240
0.024749
0.027574
0.028962
0.031424
0.029858
0.029310
0.028810
0.029240
0.024697
0.060458
0.025397
0.031970
0.025299
0.025731
0.024619
0.024794
0.024153
0.030150
0.023995
0.060657
0.025430
0.025561
0.024836
0.026085
0.024747
0.024240
0.024074
0.025289
0.024925
0.066522
0.030887
0.030287
0.028858
0.025918
0.024307
0.026219
0.059911
0.025762
0.024408
0.068093
0.025341
0.025354
0.023819
0.025075
0.022529
0.060420
0.061740
0.026402
0.060623
0.062433
0.024022
0.023563
0.060803
0.063803
0.028271
0.027475
0.022917
0.024722
0.023773
0.060296
0.024568
0.026546
0.068623
0.024707
0.023613
0.061003
0.061115
0.026537
0.024810
0.061566
0.025441
0.026305
0.024063
0.025743
0.024678
0.027205
0.030430
0.031776
0.031506
0.067428
0.025468
0.063861
0.024690
0.025704
0.061060
0.032415
0.060978
0.026513
0.024304
0.061311
0.025415
0.026166
0.025939
0.061313
0.060464
0.061569
0.061787
0.026304
0.062254
0.067936
0.062750
0.028525
0.027288
0.062974
0.027471
0.069322
0.060492
0.061501
0.061060
0.061694
0.061388
0.062223
0.059401
0.061907
0.062583
0.062803
0.060777
0.062070
0.061305
0.065460
0.026157
0.025789
0.063540
0.026579
0.024525
0.025397
0.024514
0.025349
0.024041
0.060766
0.025512
0.026309
0.025125
0.024475
0.024497
0.060385
0.027365
0.025666
0.028858
0.065520
0.026180
0.025948
0.024111
0.026733
0.026141
0.025597
0.029340
0.025208
0.024750
0.060741
0.025054
0.024748
0.023981
0.031548
