1.216097
0.025476
0.023573
0.023544
0.023946
0.023649
0.023215
0.022919
0.022637
0.023150
0.061171
0.025851
0.027831
0.024152
0.023788
0.025537
0.025125
0.027491
0.023974
0.025142
0.062110
0.025085
0.023648
0.026270
0.025848
0.024873
0.023508
0.029694
0.024523
0.023212
0.059038
0.024691
0.025451
0.025117
0.024740
0.024029
0.023632
0.023088
0.024005
0.024686
0.058949
0.024326
0.023434
0.025561
0.024829
0.023632
0.023736
0.023551
0.028311
0.024439
0.059924
0.032094
0.029468
0.029161
0.028918
0.034046
0.034751
0.032277
0.031323
0.028346
0.064674
0.029459
0.029842
0.027945
0.027514
0.027996
0.026433
0.024536
0.025209
0.031286
0.063228
0.024999
0.024456
0.009878
0.010189
0.009685
0.024573
0.023633
0.028129
0.010488
0.062137
0.028915
0.035006
0.029065
0.064739
0.028943
0.028543
0.030060
0.028337
0.065001
0.065151
0.026464
0.024782
0.024140
0.026201
0.024019
0.024139
0.022947
0.024063
0.025116
0.071771
0.024952
0.030807
0.024036
0.023997
0.022966
0.023792
0.026016
0.023347
0.023730
0.058612
0.024823
0.023946
0.022957
0.024088
0.023359
0.023366
0.023165
0.024309
0.022966
0.059304
0.024494
0.025622
0.025493
0.024422
0.023223
0.025217
0.026308
0.025409
0.024768
0.059520
0.024744
0.025048
0.023510
0.023434
0.023721
0.028042
0.024960
0.023654
0.024183
0.059125
0.024268
