1.365584
0.082352
0.085122
0.081573
0.079996
0.080977
0.082051
0.080818
0.081241
0.081016
0.140966
0.085169
0.084557
0.088544
0.085170
0.084882
0.084918
0.084116
0.088726
0.086971
0.142366
0.087937
0.086841
0.090026
0.086798
0.086653
0.093587
0.086571
0.085621
0.085669
0.140743
0.084984
0.084909
0.086031
0.085252
0.084356
0.084651
0.085570
0.086339
0.086515
0.140499
0.084517
0.084161
0.086369
0.087603
0.083809
0.084345
0.085592
0.086986
0.089976
0.141942
0.084843
0.084628
0.084710
0.088203
0.086726
0.085958
0.086429
0.085990
0.086012
0.143340
0.086443
0.086918
0.086700
0.087156
0.085818
0.084722
0.085794
0.084654
0.086151
0.141366
0.086118
0.086378
0.085152
0.086591
0.086681
0.084148
0.140467
0.139956
0.141397
0.140046
0.139482
0.086043
0.084339
0.086053
0.086671
0.091327
0.087745
0.085732
0.090142
0.143025
0.085510
0.085730
0.086224
0.107294
0.087121
0.086755
0.143102
0.085607
0.086995
0.141378
0.087647
0.087638
0.087304
0.089414
0.086704
0.086613
0.086746
0.084917
0.084306
0.140709
0.085779
0.141855
0.087235
0.088356
0.087677
0.143876
0.087330
0.087398
0.090421
0.143565
