1.413188
0.080158
0.082091
0.080754
0.084083
0.080933
0.120383
0.080984
0.082420
0.080928
0.129676
0.083089
0.084593
0.083392
0.087130
0.084212
0.089024
0.085091
0.087428
0.085232
0.142964
0.085420
0.085606
0.084938
0.087118
0.085246
0.086351
0.084515
0.144442
0.085039
0.141327
0.084773
0.085450
0.084328
0.084728
0.083387
0.084430
0.085003
0.086450
0.084934
0.144256
0.083699
0.085871
0.085165
0.086581
0.086657
0.086417
0.085320
0.086901
0.085192
0.141949
0.084724
0.086982
0.084531
0.085811
0.084344
0.086027
0.084077
0.086450
0.084962
0.142612
0.084920
0.087270
0.084844
0.086548
0.084774
0.088509
0.087735
0.086271
0.085578
0.147626
0.087986
0.086255
0.085115
0.087126
0.084560
0.084909
0.083506
0.084997
0.083485
0.139466
0.083940
0.084956
0.084584
0.086828
0.083766
0.085452
0.085874
0.084552
0.083584
0.140740
0.083570
0.087023
0.083170
0.085261
0.084700
0.086372
0.084869
0.084890
0.083601
0.139937
0.083312
0.085625
0.085599
0.087279
0.087527
0.088132
0.085644
0.089717
0.084952
0.140990
0.084345
0.085470
0.085450
0.085583
0.083839
0.084769
0.085281
0.084496
0.083379
0.140046
