1.423380
0.079914
0.082381
0.079211
0.081108
0.079301
0.082473
0.080437
0.081798
0.079992
0.122220
0.084754
0.084426
0.083569
0.085182
0.082382
0.090681
0.083462
0.085623
0.084878
0.142055
0.084394
0.085931
0.084931
0.086672
0.085771
0.086414
0.088713
0.087039
0.085923
0.143661
0.085791
0.090926
0.085337
0.086464
0.138081
0.140639
0.141205
0.140421
0.141514
0.140178
0.138834
0.137845
0.137035
0.140508
0.139122
0.140182
0.138749
0.138040
0.145736
0.139521
0.139982
0.141998
0.085016
0.089060
0.085188
0.086576
0.083443
0.084791
0.084256
0.140322
0.082746
0.084958
0.083264
0.084613
0.083720
0.085083
0.083140
0.086888
0.085688
0.145037
0.084648
0.086515
0.085706
0.087221
0.087542
0.087484
0.084595
0.086526
0.084414
0.142026
0.084112
0.084637
0.083581
0.084157
0.084999
0.088065
0.084159
0.086950
0.089484
0.143237
0.087524
0.086716
0.085309
0.084963
0.083697
0.085160
0.084093
0.084966
0.084165
0.141524
0.084848
0.088298
0.085118
0.084232
0.083498
0.084016
0.085155
0.086155
0.083276
0.142197
0.083074
0.087435
0.086415
0.086326
0.083552
0.085132
0.085104
0.088718
0.085010
0.141124
