1.404970
0.081660
0.081316
0.078280
0.080752
0.078432
0.081113
0.078135
0.080590
0.077617
0.120512
0.078652
0.086513
0.082938
0.085649
0.085589
0.090222
0.087643
0.085632
0.083163
0.141363
0.082080
0.090213
0.083333
0.086634
0.082726
0.087099
0.083624
0.085323
0.084213
0.142018
0.085152
0.143146
0.085801
0.087419
0.083785
0.087867
0.084248
0.087826
0.083921
0.150494
0.088822
0.085331
0.082258
0.084759
0.081675
0.089325
0.081873
0.087668
0.082591
0.141103
0.084297
0.086791
0.085886
0.086277
0.082932
0.086741
0.082352
0.087577
0.085030
0.143354
0.085577
0.087259
0.083548
0.085764
0.083575
0.086262
0.082068
0.085765
0.081027
0.140895
0.081944
0.086031
0.081584
0.086365
0.082365
0.084672
0.082594
0.086264
0.085346
0.142550
0.083161
0.086308
0.082793
0.085676
0.082836
0.084026
0.084524
0.087008
0.083362
0.142141
0.083177
0.085351
0.082462
0.086780
0.084666
0.086569
0.083218
0.086380
0.081678
0.143041
0.082962
0.086850
0.082716
0.142149
0.140180
0.085014
0.140833
0.086097
0.083499
0.142551
0.083086
0.086990
0.082587
0.084844
0.084734
0.086004
0.083971
0.087084
0.084660
0.145058
