1.395803
0.081228
0.082162
0.080524
0.085745
0.081779
0.120613
0.118271
0.119769
0.080819
0.127985
0.124891
0.081848
0.082612
0.085952
0.083106
0.084540
0.083135
0.085458
0.091232
0.143719
0.084451
0.085493
0.084579
0.085383
0.084430
0.088903
0.084145
0.086442
0.084759
0.144211
0.084523
0.083729
0.082926
0.084292
0.069010
0.069120
0.068890
0.070070
0.084787
0.141016
0.085374
0.085923
0.084578
0.070055
0.068346
0.071978
0.083907
0.086331
0.084601
0.140352
0.085001
0.085685
0.084591
0.085892
0.085285
0.086192
0.085125
0.085190
0.084291
0.141639
0.083786
0.087898
0.084709
0.086298
0.083776
0.086223
0.086555
0.084919
0.082377
0.138394
0.082547
0.083590
0.082541
0.140081
0.082514
0.084038
0.082299
0.085829
0.084591
0.141433
0.084513
0.086154
0.084289
0.084001
0.082884
0.083981
0.083045
0.088707
0.084759
0.142095
0.084616
0.085970
0.086966
0.085913
0.083057
0.085024
0.083847
0.084915
0.084306
0.139733
0.083902
0.085234
0.083741
0.086394
0.083880
0.084895
0.083281
0.084380
0.086365
0.142034
0.084728
0.086082
0.084307
0.086744
0.084476
0.086298
0.088109
0.091195
0.086736
0.142656
