1.397813
0.081172
0.083069
0.090171
0.083376
0.083157
0.083338
0.081949
0.082284
0.081924
0.144229
0.085536
0.087250
0.083575
0.085049
0.084329
0.091258
0.084152
0.085490
0.091326
0.144246
0.085307
0.084670
0.084879
0.090705
0.083547
0.084710
0.082784
0.086163
0.084784
0.142915
0.084893
0.086504
0.086702
0.086653
0.085681
0.085135
0.084230
0.085609
0.084827
0.142902
0.085266
0.086698
0.085611
0.084930
0.085034
0.086650
0.084759
0.086856
0.083914
0.143401
0.085107
0.085433
0.083683
0.086666
0.084073
0.085734
0.084097
0.085139
0.085284
0.143720
0.084949
0.086098
0.084839
0.088512
0.085223
0.085634
0.084551
0.086792
0.084623
0.142159
0.087021
0.088789
0.085228
0.086713
0.083645
0.087663
0.084937
0.087681
0.084915
0.145461
0.083137
0.084204
0.083216
0.084278
0.084992
0.085695
0.083990
0.086705
0.085059
0.146384
0.084586
0.087187
0.084623
0.086572
0.085765
0.087252
0.087921
0.086480
0.085111
0.142960
0.085161
0.088407
0.085233
0.086018
0.083760
0.085444
0.084917
0.086527
0.085407
0.143662
0.084181
0.084758
0.084652
0.084775
0.084629
0.083424
0.083051
0.086974
0.082828
0.138998
