1.402878
0.083234
0.082495
0.084581
0.081863
0.080409
0.080688
0.080165
0.080791
0.080687
0.125114
0.081632
0.084645
0.083460
0.086710
0.085493
0.086934
0.084289
0.086031
0.087914
0.143723
0.085410
0.087341
0.085545
0.088377
0.084086
0.085701
0.087691
0.084629
0.084389
0.142917
0.085140
0.086582
0.084682
0.086735
0.085736
0.086051
0.085609
0.087141
0.085538
0.144973
0.087166
0.088022
0.083548
0.084646
0.086178
0.084979
0.083764
0.085457
0.083184
0.142608
0.085476
0.086403
0.083896
0.085740
0.084262
0.085705
0.083987
0.085835
0.084583
0.141097
0.084569
0.085195
0.084001
0.086092
0.085076
0.088685
0.085037
0.086669
0.085153
0.142853
0.088546
0.086581
0.085272
0.086681
0.085591
0.086114
0.083575
0.085483
0.083712
0.140589
0.083633
0.089316
0.087790
0.088766
0.085603
0.086277
0.086095
0.085931
0.084301
0.142038
0.084123
0.086938
0.083281
0.085303
0.085216
0.085215
0.087608
0.092075
0.091489
0.145528
0.085503
0.089664
0.086259
0.085366
0.083925
0.085266
0.086073
0.087334
0.084403
0.141785
0.083946
0.086751
0.084882
0.085158
0.084227
0.085615
0.085072
0.088616
0.086411
0.143508
