2.456057
0.313405
0.124905
0.085550
0.092468
0.082631
0.085578
0.085722
0.088375
0.086994
0.145143
0.087756
0.087236
0.086909
0.090717
0.086950
0.095321
0.088244
0.089707
0.094189
0.144853
0.089151
0.088364
0.086802
0.091000
0.088770
0.088036
0.087999
0.088874
0.095258
0.146216
0.088944
0.089487
0.088918
0.088891
0.087481
0.087648
0.086587
0.087345
0.091608
0.146565
0.088772
0.095325
0.088529
0.090500
0.089576
0.087839
0.086459
0.087196
0.089430
0.146479
0.089031
0.092369
0.088650
0.087436
0.087996
0.087410
0.087386
0.087543
0.086228
0.145450
0.087511
0.087055
0.087172
0.087996
0.090291
0.089192
0.089479
0.089530
0.089590
0.145725
0.090396
0.090364
0.090310
0.090791
0.089459
0.090279
0.088141
0.091567
0.087306
0.145248
0.086291
0.089925
0.091221
0.087770
0.087457
0.086334
0.088993
0.090730
0.090839
0.145046
0.086580
0.088187
0.091156
0.088087
0.086855
0.088164
0.088419
0.091380
0.089110
0.144743
0.092024
0.088349
0.090787
0.091030
0.089340
0.089136
0.090489
0.089882
0.089021
0.145805
0.087776
0.089846
0.094160
0.092371
0.087412
0.088324
0.089180
0.087641
0.086404
0.144766
