1.377643
0.080660
0.083571
0.083822
0.083621
0.083070
0.082555
0.081178
0.083608
0.087533
0.141897
0.085487
0.087211
0.085265
0.086670
0.085281
0.090453
0.085972
0.088157
0.089552
0.141206
0.085398
0.092366
0.084772
0.087813
0.085684
0.086538
0.085232
0.086097
0.084136
0.143721
0.085906
0.086747
0.085907
0.087062
0.086732
0.091463
0.086101
0.088003
0.085013
0.142863
0.084380
0.088906
0.083466
0.086725
0.086822
0.089004
0.085252
0.087419
0.085966
0.144104
0.085968
0.088695
0.085799
0.089119
0.086357
0.087601
0.086306
0.091029
0.089310
0.144953
0.085732
0.087834
0.085763
0.089519
0.085363
0.087390
0.086437
0.088346
0.086265
0.144305
0.085493
0.085895
0.084080
0.084954
0.085767
0.090104
0.087340
0.087444
0.091043
0.143313
0.087970
0.090890
0.086803
0.087790
0.086978
0.088141
0.084210
0.087102
0.084219
0.141499
0.085706
0.086785
0.086987
0.088356
0.085454
0.086641
0.085086
0.086574
0.085227
0.143115
0.085860
0.089624
0.085329
0.086394
0.086346
0.085182
0.087280
0.087141
0.085841
0.142906
0.083836
0.088774
0.085055
0.090526
0.085171
0.085632
0.084027
0.085641
0.084502
0.142295
