1.401945
0.080484
0.081854
0.079361
0.080926
0.083615
0.082673
0.079932
0.083030
0.080889
0.120729
0.085528
0.083960
0.082101
0.090251
0.083647
0.085580
0.084424
0.086590
0.086154
0.143173
0.085891
0.086756
0.085569
0.085541
0.089307
0.085505
0.085610
0.085272
0.087225
0.142994
0.086359
0.089443
0.086184
0.087598
0.086801
0.087750
0.086272
0.086961
0.084871
0.144455
0.087050
0.089799
0.085535
0.087756
0.086053
0.088817
0.085912
0.086898
0.085003
0.141838
0.084570
0.085928
0.086690
0.086521
0.085433
0.087212
0.085400
0.086967
0.088791
0.142102
0.085783
0.087510
0.085282
0.087837
0.086983
0.085711
0.085012
0.085901
0.084381
0.142249
0.085570
0.087700
0.085551
0.088974
0.085295
0.087216
0.085174
0.087111
0.086732
0.143617
0.085747
0.086982
0.085815
0.087372
0.085418
0.086441
0.085285
0.087304
0.085109
0.142266
0.085565
0.086615
0.086307
0.086595
0.086844
0.088147
0.083645
0.084760
0.083800
0.143526
0.085330
0.086149
0.085982
0.089301
0.085743
0.087013
0.084085
0.084627
0.083982
0.142063
0.083960
0.086386
0.084530
0.086054
0.084333
0.088939
0.084210
0.085319
0.083750
0.143798
