1.405572
0.082168
0.082335
0.084154
0.082308
0.080324
0.081784
0.079801
0.080702
0.081243
0.140280
0.085010
0.085254
0.083471
0.088347
0.085320
0.087300
0.084761
0.087601
0.085579
0.142969
0.085651
0.094212
0.086398
0.087143
0.085270
0.086955
0.085894
0.085845
0.083027
0.141657
0.083486
0.084237
0.083439
0.084568
0.086071
0.085377
0.083388
0.085764
0.083126
0.139977
0.084262
0.087950
0.085024
0.086825
0.085995
0.086472
0.105480
0.086853
0.085231
0.143004
0.083890
0.085028
0.083468
0.085439
0.083480
0.086512
0.083446
0.084513
0.082620
0.140458
0.086473
0.084802
0.083047
0.084780
0.083348
0.087152
0.085395
0.085057
0.083464
0.140702
0.084170
0.086922
0.085096
0.086860
0.085634
0.087398
0.086311
0.084921
0.083801
0.140892
0.085976
0.085374
0.086379
0.086928
0.086074
0.087015
0.085722
0.086859
0.087907
0.142798
0.084139
0.086036
0.087098
0.087076
0.085102
0.086986
0.085914
0.089902
0.083242
0.140006
0.083173
0.084991
0.083603
0.084296
0.082811
0.084503
0.083138
0.086816
0.087331
0.142574
0.086066
0.086862
0.086436
0.088626
0.084001
0.085371
0.084678
0.086681
0.089719
0.148034
