1.406124
0.082087
0.080428
0.082638
0.081458
0.082339
0.081329
0.082633
0.082567
0.082640
0.129874
0.086545
0.087109
0.085584
0.085524
0.087841
0.095600
0.087047
0.086144
0.086371
0.142632
0.087096
0.086784
0.086292
0.087633
0.086728
0.087483
0.097238
0.086475
0.085886
0.141004
0.084841
0.086846
0.084868
0.086996
0.086770
0.086268
0.086852
0.086499
0.087992
0.142424
0.086370
0.086499
0.087243
0.087470
0.086128
0.087552
0.086682
0.085914
0.091476
0.143851
0.091430
0.087018
0.086896
0.085718
0.087874
0.090803
0.088335
0.086790
0.086944
0.143401
0.090428
0.086671
0.086017
0.085967
0.085173
0.085074
0.086013
0.085081
0.085449
0.140650
0.086778
0.086639
0.087597
0.084202
0.085028
0.084236
0.087667
0.089345
0.084965
0.142114
0.084599
0.093536
0.084888
0.084403
0.086959
0.084042
0.086514
0.085785
0.085384
0.141247
0.089131
0.087085
0.087143
0.087118
0.087135
0.085101
0.085635
0.085758
0.085804
0.141403
0.085547
0.087644
0.088850
0.086294
0.088224
0.087821
0.087454
0.089841
0.088171
0.143032
0.085741
0.085326
0.088673
0.084961
0.087763
0.086562
0.088229
0.089203
0.086968
0.142262
