1.365148
0.080961
0.081133
0.081638
0.083085
0.081195
0.082797
0.088766
0.085146
0.080537
0.131181
0.084627
0.086711
0.087323
0.086851
0.085842
0.090537
0.085188
0.086633
0.085518
0.143680
0.091223
0.085664
0.087244
0.088275
0.086932
0.088196
0.084220
0.087172
0.087338
0.142705
0.085242
0.085163
0.083234
0.086515
0.083746
0.084967
0.083463
0.086648
0.084488
0.141890
0.083697
0.087362
0.086793
0.087505
0.086112
0.087181
0.088075
0.085576
0.086004
0.144519
0.085809
0.088162
0.086941
0.087446
0.087560
0.087217
0.086414
0.086123
0.085344
0.146223
0.085464
0.085346
0.085775
0.086527
0.090667
0.087902
0.090080
0.086905
0.083279
0.140603
0.083207
0.085542
0.085923
0.087264
0.085614
0.088408
0.085492
0.086183
0.084789
0.142145
0.086149
0.086296
0.084747
0.087164
0.085801
0.089439
0.085009
0.086831
0.083213
0.142919
0.085796
0.087004
0.086095
0.086910
0.084479
0.085763
0.083843
0.085151
0.083594
0.141864
0.084635
0.087085
0.083829
0.086694
0.086738
0.087561
0.085592
0.086848
0.084753
0.140621
0.085247
0.085117
0.084191
0.085675
0.085566
0.086082
0.084151
0.085428
0.085437
0.141899
