1.409225
0.081899
0.083460
0.081704
0.083046
0.081661
0.085088
0.080701
0.082955
0.081405
0.122592
0.083939
0.082585
0.082766
0.084597
0.082849
0.084295
0.084824
0.086439
0.084720
0.142351
0.085058
0.094485
0.084595
0.085788
0.084139
0.086179
0.086940
0.086013
0.084989
0.141075
0.084963
0.090293
0.085191
0.087495
0.085842
0.087060
0.086049
0.086458
0.083806
0.141385
0.083826
0.087991
0.085678
0.085127
0.083693
0.085299
0.083647
0.087443
0.083926
0.140953
0.083569
0.085131
0.088380
0.087394
0.141913
0.090810
0.084985
0.089212
0.084283
0.140596
0.083508
0.084692
0.084203
0.085438
0.083282
0.140693
0.083148
0.086258
0.084819
0.141143
0.082803
0.085669
0.085709
0.086207
0.084344
0.086323
0.085571
0.087226
0.086348
0.142192
0.084293
0.085673
0.083979
0.088215
0.084996
0.085328
0.083776
0.085336
0.084225
0.141097
0.083086
0.084270
0.083238
0.091824
0.084143
0.085230
0.083624
0.085162
0.084264
0.143748
0.084791
0.086226
0.085853
0.086729
0.086411
0.085284
0.083740
0.085599
0.092087
0.145679
0.085177
0.085561
0.084345
0.084955
0.083591
0.084782
0.083508
0.085382
0.084072
0.140722
