2.264496
0.297246
0.106313
0.087481
0.086535
0.084848
0.083446
0.085630
0.084254
0.084618
0.142255
0.085633
0.083891
0.085141
0.085498
0.085695
0.085798
0.087026
0.085228
0.083904
0.140478
0.085995
0.083371
0.085170
0.085761
0.086245
0.085575
0.087498
0.084472
0.085203
0.141436
0.084976
0.088038
0.084616
0.085027
0.086948
0.086719
0.086003
0.085444
0.086453
0.140924
0.085578
0.085251
0.086444
0.086038
0.093553
0.085050
0.084719
0.086952
0.088206
0.144340
0.085693
0.083208
0.086583
0.087236
0.086592
0.088568
0.086006
0.088545
0.087342
0.142005
0.085747
0.088821
0.086269
0.085554
0.085680
0.085748
0.086046
0.085686
0.085725
0.144366
0.088132
0.090166
0.088505
0.087430
0.086935
0.086420
0.088892
0.085351
0.088676
0.146063
0.086512
0.085979
0.088895
0.093391
0.090350
0.087861
0.088666
0.087335
0.088717
0.141912
0.088469
0.088708
0.088084
0.087531
0.087756
0.086932
0.087124
0.086383
0.085914
0.141546
0.084419
0.087222
0.086622
0.086426
0.087578
0.089548
0.086958
0.085929
0.087610
0.142816
0.086026
0.085945
0.085346
0.086698
0.086622
0.087028
0.095149
0.086215
0.086091
0.141829
