1.369421
0.080761
0.083367
0.083483
0.084543
0.081622
0.083339
0.079204
0.082994
0.081428
0.143080
0.085666
0.086725
0.083954
0.085855
0.083881
0.085142
0.083711
0.085448
0.086068
0.140570
0.084841
0.084972
0.084890
0.088868
0.084383
0.085818
0.084872
0.091906
0.084511
0.141777
0.083664
0.085637
0.084116
0.084970
0.084151
0.084618
0.083528
0.087237
0.085623
0.145170
0.084777
0.092628
0.085513
0.087169
0.087937
0.087416
0.086543
0.085538
0.085847
0.141639
0.084695
0.085986
0.084321
0.087471
0.085298
0.086662
0.085319
0.087575
0.084895
0.143067
0.085974
0.086814
0.086219
0.086716
0.083369
0.088398
0.083964
0.085908
0.086016
0.142580
0.085845
0.085833
0.085151
0.140605
0.140655
0.143796
0.140482
0.142106
0.142613
0.141940
0.083336
0.085040
0.085106
0.086530
0.088688
0.140652
0.139224
0.142337
0.140689
0.143712
0.139399
0.142127
0.083633
0.086156
0.082932
0.085298
0.084056
0.085834
0.083751
0.139310
0.083929
0.085867
0.083874
0.086480
0.085214
0.087072
0.086085
0.087484
0.084821
0.143679
0.085215
0.086361
0.083969
0.085799
0.086024
0.085069
0.084341
0.088100
0.086029
0.141941
