1.372962
0.083955
0.081861
0.081733
0.080670
0.083338
0.082730
0.082830
0.082579
0.084516
0.142778
0.086245
0.084649
0.088009
0.087517
0.087780
0.089399
0.088316
0.089343
0.093744
0.143635
0.088142
0.086347
0.087300
0.088533
0.087430
0.086434
0.085326
0.087296
0.087301
0.142983
0.086595
0.085387
0.085468
0.085727
0.086399
0.087399
0.087229
0.087057
0.088140
0.142915
0.090157
0.085911
0.087870
0.086980
0.087252
0.086566
0.086536
0.086438
0.087478
0.144410
0.087478
0.086334
0.086660
0.086848
0.088539
0.086333
0.087057
0.086153
0.092827
0.143904
0.086800
0.087655
0.086726
0.086197
0.086901
0.085640
0.086809
0.086568
0.086771
0.142434
0.085808
0.087147
0.088339
0.089370
0.086758
0.086573
0.086759
0.087003
0.087024
0.142746
0.087571
0.087061
0.086716
0.086906
0.086715
0.088993
0.086552
0.084492
0.084993
0.140900
0.087535
0.087000
0.086966
0.086980
0.087433
0.086618
0.086714
0.086679
0.087067
0.142889
0.095077
0.085853
0.086087
0.085937
0.087279
0.086582
0.085824
0.084818
0.085279
0.143061
0.086949
0.086874
0.094469
0.085259
0.085035
0.086468
0.092328
0.086722
0.084217
0.139666
