1.386876
0.081713
0.080030
0.081593
0.080946
0.083115
0.082307
0.083098
0.083416
0.085253
0.143961
0.085638
0.086781
0.086915
0.091133
0.088955
0.093720
0.087668
0.086500
0.090458
0.142731
0.088246
0.086544
0.088368
0.090075
0.087855
0.086874
0.085473
0.085112
0.085373
0.143977
0.093742
0.086930
0.086938
0.087191
0.086282
0.086711
0.085913
0.085832
0.086883
0.147715
0.090776
0.085874
0.087061
0.086699
0.087052
0.086227
0.086709
0.086476
0.086481
0.143576
0.086486
0.085773
0.086171
0.085883
0.088066
0.085922
0.086309
0.086193
0.086020
0.143732
0.086837
0.085175
0.085701
0.084787
0.085685
0.085321
0.085677
0.086430
0.086474
0.142777
0.086012
0.086890
0.086877
0.086466
0.087109
0.086364
0.085052
0.084912
0.085321
0.140466
0.086790
0.085868
0.085066
0.084039
0.084435
0.084447
0.086276
0.086357
0.086751
0.142377
0.086385
0.084688
0.087876
0.084979
0.084516
0.139826
0.140092
0.137724
0.138049
0.138072
0.140355
0.138153
0.083802
0.084477
0.084355
0.087642
0.088075
0.086677
0.087127
0.143079
0.085045
0.086566
0.086452
0.086617
0.086771
0.086344
0.087626
0.087489
0.087347
0.142971
