1.435019
0.087185
0.088061
0.083454
0.083541
0.087060
0.086690
0.096544
0.089370
0.088093
0.146402
0.089941
0.093226
0.092459
0.092753
0.092269
0.092240
0.093398
0.091204
0.096804
0.146321
0.091655
0.092233
0.091926
0.087880
0.089672
0.095895
0.087918
0.088849
0.090128
0.146222
0.091067
0.088845
0.091839
0.091757
0.091985
0.092987
0.091942
0.097257
0.092671
0.147295
0.090604
0.091559
0.099274
0.090699
0.101305
0.091911
0.092427
0.093717
0.092386
0.151570
0.092254
0.093652
0.095521
0.093029
0.088968
0.090721
0.090864
0.089059
0.089511
0.146683
0.088708
0.088575
0.088090
0.088258
0.089330
0.089768
0.091169
0.091088
0.090612
0.154513
0.091860
0.090394
0.091224
0.095382
0.090885
0.091527
0.090606
0.095953
0.091822
0.147529
0.091638
0.090802
0.090721
0.092201
0.089473
0.089421
0.088011
0.087882
0.093352
0.149870
0.090281
0.088610
0.088085
0.090160
0.089088
0.088949
0.091362
0.090320
0.093535
0.146391
0.093344
0.100972
0.091694
0.090332
0.090446
0.090856
0.089119
0.087931
0.088025
0.146464
0.089820
0.091126
0.091441
0.089830
0.090777
0.088087
0.091798
0.090562
0.088313
0.147646
