1.393542
0.079916
0.080662
0.079252
0.080463
0.079051
0.080098
0.078534
0.119633
0.078393
0.124527
0.081186
0.130013
0.083976
0.084841
0.084440
0.089909
0.082654
0.084064
0.084496
0.140251
0.083239
0.088514
0.084452
0.085866
0.140287
0.086812
0.087811
0.091319
0.084555
0.141392
0.143665
0.085453
0.082527
0.084012
0.082849
0.084754
0.084889
0.086601
0.137999
0.139331
0.088770
0.087648
0.084529
0.084727
0.083865
0.085067
0.085178
0.087306
0.084203
0.142797
0.083380
0.086161
0.085358
0.085627
0.083750
0.086809
0.084736
0.084919
0.083160
0.141025
0.084606
0.085029
0.084043
0.085196
0.083818
0.085649
0.085304
0.088788
0.085071
0.141732
0.085346
0.085220
0.086206
0.086638
0.083835
0.084966
0.085466
0.085741
0.083928
0.140684
0.082637
0.086893
0.084985
0.086559
0.084954
0.085908
0.085172
0.086925
0.087229
0.140832
0.083189
0.086070
0.082911
0.087727
0.083108
0.083977
0.083838
0.084665
0.139504
0.141855
0.084635
0.086031
0.084082
0.085528
0.084472
0.085834
0.084922
0.141978
0.083908
0.140400
0.139141
0.085255
0.082568
0.084489
0.138209
0.068318
0.084130
0.085277
0.083828
0.125003
