1.419265
0.081020
0.082402
0.082985
0.082501
0.081221
0.082845
0.081110
0.082064
0.080595
0.142188
0.083193
0.085123
0.083569
0.085058
0.083060
0.092797
0.084444
0.086597
0.084105
0.140920
0.083777
0.089855
0.083722
0.084887
0.082967
0.085077
0.083331
0.084766
0.084722
0.141735
0.085394
0.086434
0.084660
0.086987
0.083613
0.086099
0.084783
0.085637
0.085275
0.146070
0.085749
0.091431
0.085557
0.086555
0.085718
0.085876
0.084622
0.086082
0.084846
0.142240
0.084328
0.086456
0.084033
0.085557
0.084897
0.086307
0.085465
0.085869
0.084893
0.143172
0.084340
0.085679
0.083820
0.084961
0.084100
0.087106
0.084948
0.087829
0.085055
0.142222
0.085754
0.086136
0.083930
0.085690
0.084689
0.084898
0.083425
0.086442
0.084388
0.143230
0.085037
0.084941
0.083565
0.084478
0.084025
0.085071
0.085922
0.084268
0.083380
0.139739
0.083986
0.143925
0.084467
0.086161
0.140971
0.142799
0.141484
0.140798
0.084610
0.141105
0.140626
0.085225
0.083200
0.085561
0.085232
0.088615
0.084794
0.086510
0.140783
0.142666
0.084785
0.142811
0.084774
0.086624
0.141593
0.089755
0.085110
0.087425
0.085453
0.143617
