1.432765
0.081542
0.083498
0.081520
0.082922
0.082194
0.084894
0.081963
0.085131
0.081949
0.125807
0.085728
0.084734
0.083135
0.085291
0.087690
0.087639
0.084483
0.086775
0.084235
0.141662
0.087509
0.089197
0.086872
0.087577
0.088926
0.086361
0.086449
0.087356
0.084396
0.142670
0.083997
0.087092
0.084638
0.085678
0.084220
0.085753
0.084835
0.086117
0.084582
0.141684
0.086203
0.085771
0.084495
0.086176
0.084953
0.086693
0.085883
0.089081
0.085988
0.146668
0.082773
0.084751
0.085254
0.084895
0.083585
0.085058
0.084026
0.084039
0.082767
0.139983
0.082480
0.086343
0.083627
0.085925
0.084596
0.086298
0.084229
0.086534
0.087141
0.142756
0.085241
0.084609
0.084020
0.088047
0.083018
0.084663
0.084240
0.085601
0.084372
0.141092
0.083893
0.084729
0.085062
0.086443
0.085078
0.086547
0.085240
0.085776
0.084971
0.145209
0.085107
0.086933
0.084642
0.085073
0.088912
0.086020
0.084236
0.085692
0.084036
0.141519
0.084462
0.085625
0.087009
0.085633
0.083935
0.087059
0.083363
0.084654
0.084417
0.140223
0.086395
0.085949
0.084525
0.085937
0.083298
0.084466
0.082715
0.085448
0.082234
0.141136
