1.402984
0.083109
0.081454
0.081989
0.081546
0.104449
0.082165
0.083125
0.082045
0.082733
0.141877
0.086580
0.085588
0.085760
0.084832
0.086753
0.091148
0.086377
0.085986
0.086847
0.141257
0.088800
0.085211
0.087662
0.085721
0.087489
0.085614
0.086655
0.086177
0.085093
0.140482
0.085764
0.084341
0.086435
0.085085
0.085057
0.083557
0.086946
0.083107
0.084162
0.139574
0.085939
0.089153
0.084705
0.084227
0.086454
0.084906
0.085026
0.083790
0.086623
0.139113
0.085056
0.083844
0.084931
0.084937
0.086352
0.084902
0.085577
0.085848
0.085500
0.140350
0.088298
0.085340
0.088850
0.085248
0.086228
0.085391
0.086637
0.085164
0.090472
0.139822
0.086019
0.085202
0.086056
0.084742
0.086239
0.085260
0.089642
0.087299
0.086027
0.141659
0.086933
0.086206
0.086975
0.087142
0.088114
0.085400
0.084329
0.084894
0.085678
0.139879
0.085454
0.085027
0.086766
0.085652
0.086958
0.083536
0.086800
0.084894
0.087011
0.141564
0.085478
0.085317
0.087798
0.086081
0.088579
0.085166
0.086152
0.085187
0.085979
0.140931
0.085626
0.085614
0.086827
0.085899
0.086669
0.088516
0.086903
0.085461
0.086502
0.142376
