1.409492
0.079057
0.081531
0.078694
0.081430
0.080704
0.079745
0.078639
0.079720
0.069550
0.127524
0.072509
0.072069
0.068279
0.085293
0.084989
0.087787
0.085247
0.142978
0.084961
0.142480
0.085696
0.086332
0.085538
0.087181
0.085187
0.088198
0.084366
0.086342
0.084224
0.140482
0.085896
0.085098
0.084377
0.085238
0.084397
0.085936
0.083611
0.084752
0.083218
0.140008
0.083120
0.088576
0.083852
0.085218
0.085787
0.084594
0.084754
0.086219
0.084505
0.141190
0.141272
0.087911
0.084896
0.142003
0.083596
0.084813
0.084860
0.083992
0.083246
0.140535
0.083533
0.086368
0.082843
0.086640
0.084953
0.086582
0.084476
0.086623
0.141478
0.139675
0.086021
0.140869
0.083274
0.085875
0.083471
0.084021
0.083440
0.139647
0.082796
0.142357
0.084828
0.088555
0.084990
0.086516
0.084483
0.085502
0.084609
0.086144
0.085359
0.142397
0.082713
0.084505
0.082820
0.140545
0.083533
0.085633
0.084467
0.087144
0.085054
0.138690
0.081847
0.083429
0.084377
0.083928
0.140547
0.141260
0.139323
0.084573
0.140366
0.138847
0.082668
0.083892
0.082037
0.084019
0.085315
0.084515
0.083277
0.086290
0.084160
0.141734
