1.400864
0.083099
0.082487
0.084002
0.087464
0.084585
0.087959
0.083819
0.083157
0.082850
0.122617
0.093677
0.083224
0.084775
0.085104
0.086946
0.092940
0.085860
0.086196
0.086473
0.144323
0.085619
0.086457
0.086205
0.085908
0.087104
0.086119
0.086029
0.085849
0.085251
0.144079
0.084640
0.084825
0.084741
0.084621
0.085258
0.086928
0.085515
0.085757
0.085822
0.143851
0.087199
0.086332
0.086479
0.086397
0.086917
0.086708
0.086424
0.086865
0.087449
0.143206
0.086725
0.086660
0.087208
0.086760
0.086468
0.088926
0.085485
0.085261
0.085184
0.141883
0.086822
0.085171
0.085120
0.089909
0.087006
0.085933
0.087075
0.086498
0.083828
0.142133
0.087353
0.086307
0.086357
0.085478
0.084488
0.084552
0.089448
0.084181
0.086738
0.143563
0.086733
0.088292
0.086740
0.084573
0.086899
0.085959
0.089382
0.086253
0.087711
0.141853
0.084525
0.086358
0.085706
0.086535
0.086341
0.084673
0.085600
0.085928
0.084577
0.142067
0.085940
0.085997
0.086563
0.085772
0.085607
0.085125
0.084350
0.086306
0.088127
0.142581
0.086628
0.086117
0.088378
0.086789
0.087401
0.084935
0.084314
0.100280
0.086344
0.141394
