1.418924
0.080514
0.082157
0.081724
0.082481
0.078588
0.079824
0.083282
0.080070
0.079522
0.119774
0.081336
0.082885
0.081499
0.083661
0.089710
0.084947
0.084329
0.088661
0.085563
0.143239
0.083068
0.084466
0.092741
0.084982
0.083322
0.084775
0.084310
0.084188
0.083462
0.141232
0.085982
0.087407
0.085114
0.086848
0.085227
0.086768
0.086235
0.085219
0.085910
0.141313
0.084022
0.084891
0.083890
0.087610
0.084427
0.086269
0.084183
0.085725
0.085155
0.140549
0.084626
0.086661
0.084641
0.087349
0.089971
0.088190
0.083914
0.085174
0.083171
0.142239
0.083095
0.085623
0.084319
0.085822
0.086963
0.086592
0.085011
0.085032
0.084167
0.144819
0.084481
0.086036
0.085761
0.086978
0.085589
0.087406
0.083884
0.085607
0.083174
0.140920
0.085809
0.085331
0.084439
0.085657
0.084652
0.089257
0.084128
0.086903
0.084603
0.142998
0.083971
0.086355
0.085366
0.086094
0.085213
0.086553
0.085513
0.084660
0.083013
0.139275
0.083260
0.086981
0.084217
0.088742
0.086210
0.086841
0.085543
0.086661
0.085855
0.141893
0.083876
0.085176
0.084560
0.085874
0.086423
0.085369
0.082848
0.086238
0.083378
0.139741
