1.369419
0.109272
0.106088
0.112519
0.108320
0.086908
0.079394
0.081185
0.079579
0.081439
0.151806
0.109075
0.110448
0.095264
0.085375
0.108554
0.105037
0.108884
0.090227
0.089733
0.148700
0.085548
0.083840
0.086279
0.087150
0.084249
0.083354
0.085873
0.082559
0.085945
0.139758
0.085817
0.089514
0.085441
0.084862
0.085219
0.085356
0.086600
0.085423
0.086182
0.144907
0.084747
0.083124
0.087946
0.083458
0.087264
0.085315
0.086958
0.085003
0.087952
0.141490
0.085138
0.083765
0.084618
0.085490
0.085169
0.084324
0.086013
0.084124
0.085681
0.139021
0.088116
0.084847
0.086439
0.085377
0.088715
0.087347
0.087179
0.085131
0.087913
0.141837
0.087245
0.083912
0.085191
0.084379
0.085439
0.084835
0.085740
0.084893
0.085535
0.140907
0.086776
0.085091
0.086256
0.084083
0.096236
0.084925
0.087910
0.085542
0.085524
0.140783
0.087222
0.085372
0.086208
0.085185
0.088135
0.085280
0.088370
0.084571
0.085993
0.139918
0.087835
0.087660
0.087230
0.085111
0.086108
0.085299
0.085021
0.084201
0.085243
0.140244
0.087719
0.084763
0.086379
0.085147
0.085163
0.085957
0.087267
0.085490
0.142008
0.140492
