1.375378
0.086141
0.082783
0.081898
0.086920
0.080036
0.081544
0.081297
0.082551
0.081745
0.142776
0.085178
0.086564
0.084546
0.087127
0.085820
0.093256
0.087405
0.085000
0.084230
0.141488
0.085772
0.089026
0.086052
0.087303
0.086012
0.087005
0.085097
0.090844
0.085453
0.143321
0.089080
0.086237
0.085945
0.086599
0.084077
0.086085
0.084664
0.088450
0.086690
0.143912
0.083977
0.087600
0.086822
0.086457
0.083930
0.088555
0.085061
0.084857
0.086308
0.142634
0.085917
0.089483
0.084055
0.085365
0.084378
0.086890
0.086004
0.087898
0.087846
0.141567
0.084752
0.085731
0.085084
0.088311
0.083817
0.086597
0.083984
0.086123
0.084686
0.143704
0.092853
0.093585
0.088420
0.088270
0.088211
0.087512
0.085010
0.087688
0.084623
0.143933
0.087165
0.088386
0.086948
0.087522
0.086790
0.087592
0.086640
0.088486
0.084195
0.146953
0.086180
0.088288
0.085916
0.087816
0.088952
0.088450
0.088273
0.087463
0.087662
0.148044
0.086313
0.088145
0.087248
0.088317
0.088906
0.090414
0.086712
0.087555
0.086293
0.147811
0.086461
0.088167
0.085986
0.088292
0.086689
0.088099
0.086390
0.087502
0.086507
0.143245
