1.376791
0.079900
0.083237
0.086216
0.082928
0.080615
0.082512
0.081819
0.082234
0.080797
0.122151
0.081919
0.084449
0.082317
0.085561
0.081835
0.085142
0.082421
0.084684
0.084031
0.141213
0.085461
0.085594
0.084171
0.086518
0.084531
0.086713
0.084407
0.086818
0.085166
0.142419
0.084986
0.095289
0.088123
0.088494
0.084646
0.087550
0.091640
0.087188
0.085650
0.143550
0.084726
0.088289
0.085498
0.085868
0.086050
0.085866
0.086005
0.087091
0.084392
0.142778
0.084755
0.087166
0.085819
0.086828
0.085994
0.088475
0.084602
0.088408
0.084919
0.141322
0.085663
0.086330
0.086452
0.087517
0.086264
0.089182
0.083941
0.087873
0.086651
0.142995
0.089011
0.085792
0.083874
0.086478
0.084158
0.141919
0.141351
0.144352
0.086404
0.142691
0.139017
0.140226
0.138507
0.139434
0.138565
0.138915
0.137824
0.142232
0.165769
0.142773
0.141182
0.141393
0.143826
0.141197
0.140310
0.141790
0.086822
0.086854
0.083717
0.141797
0.139566
0.145773
0.084579
0.084900
0.083799
0.084711
0.086099
0.086574
0.088468
0.140261
0.084136
0.088598
0.084560
0.085648
0.084172
0.085401
0.084378
0.086337
0.085440
0.143137
