1.421775
0.080596
0.081792
0.080765
0.082098
0.081842
0.082844
0.081877
0.083691
0.082508
0.142273
0.086583
0.087684
0.086187
0.086780
0.087246
0.096208
0.085967
0.087296
0.085179
0.146398
0.085586
0.086673
0.086326
0.087752
0.088682
0.088675
0.085823
0.087835
0.085571
0.141894
0.084391
0.084980
0.083858
0.084723
0.141299
0.087722
0.141169
0.141178
0.139661
0.142059
0.137752
0.139327
0.138474
0.141682
0.141057
0.139566
0.138792
0.140133
0.138653
0.139447
0.138261
0.141253
0.140638
0.087097
0.086912
0.086185
0.085471
0.086570
0.085653
0.143533
0.086166
0.086461
0.085309
0.086484
0.085680
0.086153
0.083665
0.086926
0.083540
0.140326
0.082957
0.084059
0.084707
0.084459
0.083338
0.085664
0.085310
0.086496
0.084395
0.142548
0.083523
0.085335
0.083597
0.085146
0.083401
0.085177
0.083601
0.087035
0.085865
0.140709
0.083878
0.085067
0.083690
0.084251
0.083801
0.084561
0.083283
0.084908
0.083472
0.141834
0.084474
0.085147
0.085419
0.085538
0.085595
0.086073
0.085484
0.086550
0.087919
0.143928
0.085840
0.087002
0.086249
0.086063
0.083494
0.086421
0.088253
0.087516
0.086199
0.143048
