1.743796
0.039271
0.038605
0.040370
0.067106
0.049177
0.047019
0.048946
0.052766
0.045811
0.089087
0.042385
0.041636
0.040407
0.067495
0.040462
0.040748
0.046088
0.052299
0.046969
0.090021
0.041113
0.052657
0.039383
0.080868
0.043566
0.048916
0.045087
0.047871
0.045918
0.094436
0.044027
0.045350
0.063557
0.049240
0.043419
0.041987
0.041105
0.038265
0.040054
0.087470
0.038991
0.045401
0.041119
0.073091
0.040794
0.042583
0.041607
0.044235
0.042551
0.096972
0.044522
0.050213
0.043061
0.070775
0.043286
0.039574
0.042041
0.044510
0.043546
0.092970
0.040985
0.038844
0.037102
0.080027
0.041615
0.042865
0.044152
0.044483
0.046697
0.093693
0.040897
0.040031
0.038852
0.068843
0.041757
0.044299
0.042517
0.039655
0.039254
0.086886
0.042885
0.041540
0.044876
0.040571
0.075838
0.042179
0.042709
0.042582
0.045439
0.095098
0.040483
0.043041
0.039725
0.042299
0.068149
0.049018
0.050886
0.047026
0.044820
0.092560
0.049332
0.045537
0.045520
0.048527
0.047228
0.060611
0.039038
0.040781
0.047400
0.092323
0.037848
0.038074
0.038813
0.042951
0.053183
0.075245
0.047654
0.049323
0.027672
0.068212
0.029024
0.028752
0.027150
0.031372
0.027805
0.027609
0.026582
0.035258
0.027163
0.067366
0.028587
0.027342
0.027167
0.027226
0.027135
0.033065
0.041758
0.051016
0.058115
0.080417
0.034285
0.035239
0.032561
0.033369
0.031971
0.033105
0.037934
0.045911
0.037503
0.073842
0.040702
0.041403
0.036802
0.041506
0.071641
0.087437
0.109369
0.110110
0.105423
0.204731
0.112892
0.112074
0.109352
0.075580
0.043139
0.039974
0.044164
0.046526
0.044284
0.094030
0.041132
0.047087
0.064480
0.042520
0.040799
0.046081
0.046138
0.048130
0.051984
0.093405
0.044434
0.042100
0.066015
0.042281
0.041103
0.048547
0.048115
0.046478
0.055290
0.094000
0.043385
0.054129
0.065433
0.041613
0.043985
0.043816
0.079343
0.076510
0.058376
0.106516
0.051012
0.051821
0.046286
0.063226
0.043066
0.042489
0.041370
0.066211
0.045372
0.112101
0.072991
0.041970
0.043731
0.070904
0.055573
0.046044
0.041297
0.039769
0.039544
0.092286
0.045382
0.046653
0.048902
0.049678
0.048789
0.050883
0.039583
0.040975
0.040027
0.091777
0.046507
0.047330
0.052750
0.049877
0.049363
0.062164
0.045908
0.045366
0.048961
0.093159
0.043078
0.044290
0.042717
0.049542
0.047955
0.054927
0.040041
0.039632
0.038225
0.087588
0.042274
0.043893
0.043552
0.046772
0.047324
0.056858
0.038315
0.039110
0.046744
0.087461
0.051621
0.092760
0.044703
0.094244
0.138598
0.039752
0.041637
0.039988
0.045120
0.088969
0.042675
0.044056
0.047753
0.047543
0.061630
0.041196
0.042291
0.039250
0.037983
0.087088
0.040501
0.043439
0.037338
0.088262
0.123393
0.039352
0.042182
0.040814
0.039261
0.091350
0.047857
0.046313
0.051452
0.050264
0.063871
0.039223
0.090509
0.046448
0.048601
0.091883
0.041025
0.044358
0.046738
0.056021
0.056590
0.047342
0.048374
0.047196
0.054940
0.097206
0.042209
0.042787
0.040006
0.077736
0.040340
0.043738
0.051643
0.049041
0.047526
0.093028
0.041306
0.043945
0.038745
0.081786
0.047048
0.045224
0.045083
0.090650
0.041816
0.092346
0.047726
0.047710
0.049649
0.057799
0.043026
0.043929
0.088699
0.042691
0.038798
0.090348
0.053369
0.050842
0.050322
0.055108
0.083234
0.084558
0.048352
0.057348
0.044053
0.126662
0.081825
0.076628
0.045138
0.045140
0.047593
0.057418
0.037749
0.043854
0.047364
0.102819
0.083127
0.042830
0.048230
0.041404
0.040887
0.063425
0.043098
0.044087
0.068238
0.090417
0.043853
0.043884
0.038362
0.040141
0.039923
0.046849
0.081546
0.047769
0.046694
0.092075
0.050641
0.048372
0.048610
0.049119
0.050488
0.050262
0.071531
0.044842
0.043378
0.094800
0.046878
0.045810
0.047780
0.049054
0.048893
0.048971
0.059667
0.042047
0.044609
0.092545
0.043448
0.047032
0.049256
0.050225
0.043994
0.050682
0.065905
0.040683
0.038965
0.087597
0.043735
0.042992
0.044888
0.042964
0.049119
0.048296
0.065260
0.040315
0.041569
0.102309
0.094031
0.045100
0.047524
0.045175
0.052367
0.048298
0.112796
0.088469
0.041603
0.104697
0.094721
0.041656
0.048494
0.045547
0.045482
0.142380
0.040305
0.039575
0.041107
0.088653
0.040755
0.040369
0.038910
0.041605
0.044056
0.068350
0.038882
0.037953
0.041082
0.093107
0.045195
0.047501
0.050602
0.092793
0.079848
0.091389
0.092707
0.094273
0.089108
0.094302
0.094377
0.089794
0.066650
0.038836
0.037397
0.040961
0.039760
0.042815
0.043928
0.088908
0.040124
0.045542
0.064821
0.043596
0.038919
0.042852
0.050135
0.046378
0.044384
0.092400
0.096311
0.095802
0.120566
0.097751
0.102360
0.092931
0.093240
0.090372
0.087517
0.093766
0.066077
0.039299
0.039766
0.037761
0.040982
0.039709
0.043866
0.046481
0.047057
0.098311
0.082144
0.040201
0.040634
0.043439
0.048520
0.048521
0.048489
0.047340
0.052512
0.092712
0.082577
0.046925
0.051810
0.046281
0.047034
0.050762
0.048449
0.050206
0.047961
0.091172
0.083767
0.040452
0.041600
0.043680
0.045084
0.053408
0.043288
0.046063
0.044605
0.142874
0.047856
0.050119
0.049083
0.048464
0.049389
0.049479
0.048107
0.049163
0.051023
0.104936
0.061439
0.045865
0.043154
0.046926
0.045622
0.046847
0.048106
0.048809
0.048460
0.126783
0.042770
0.047961
0.045846
0.049702
0.050304
0.049161
0.047299
0.049667
0.048298
0.144218
0.040440
0.043741
0.041061
0.038962
0.042930
0.043534
0.045795
0.046637
0.045637
0.126182
0.042308
0.045069
0.040726
0.042216
0.044189
0.042750
0.043383
0.055016
0.048837
0.143586
0.043283
0.041047
0.041095
0.042482
0.042830
0.046289
0.052818
0.051087
0.048116
0.110257
0.044574
0.051182
0.049754
0.047839
0.045167
0.046728
0.047860
0.047814
0.049494
0.110639
0.050346
0.049558
0.050763
0.046581
0.047233
0.043922
0.043943
0.039786
0.077993
0.086365
0.076118
0.081924
0.064696
0.051827
0.060554
0.083627
0.056390
0.055442
0.081108
0.135396
0.075063
0.040379
0.039359
0.038078
0.038179
0.038334
0.087839
0.044263
0.045949
0.127941
0.049409
0.050612
0.047158
0.050503
0.048197
0.056692
0.047947
0.050687
0.050502
0.120384
0.046965
0.040683
0.076388
0.074924
0.048684
0.057350
0.076916
0.074871
0.050273
0.111726
0.073691
0.041745
0.088190
0.041507
0.041622
0.047229
0.045766
0.051453
0.048683
0.095931
0.040300
0.039380
0.079756
0.038722
0.041534
0.043927
0.046951
0.042001
0.047479
0.090049
0.044093
0.044118
0.082851
0.046194
0.045324
0.051508
0.049552
0.091948
0.040361
0.086503
0.039904
0.040596
0.077327
0.043816
0.039132
0.039950
0.038566
0.037955
0.037145
0.087582
0.042412
0.041219
0.072243
0.040648
0.050441
0.049661
0.053278
0.048972
0.045121
0.092252
0.041909
0.040201
0.078568
0.040526
0.044000
0.043187
0.045288
0.042572
0.052241
0.090964
0.038796
0.042352
0.085324
0.043627
0.048552
0.048257
0.047587
0.048492
0.047740
0.090819
0.041839
0.043323
0.080584
0.055441
0.051738
0.045224
0.047911
0.048298
0.048679
0.096869
0.040968
0.041749
0.079748
0.041431
0.044156
0.039854
0.046359
0.048426
0.047670
0.090991
0.039708
0.045224
0.079400
0.042593
0.039199
0.042850
0.044085
0.046063
0.046895
0.090063
0.040839
0.043188
0.077144
0.056221
0.047758
0.050701
0.053960
0.049037
0.049050
0.092901
0.045474
0.058474
0.066136
0.041645
0.053686
0.048611
0.049554
0.049814
0.048029
0.098469
0.041656
0.081625
0.043167
0.039595
0.046274
0.048304
0.046842
0.047491
0.046194
0.089731
0.042672
0.083983
0.039792
0.041550
0.044377
0.045530
0.044674
0.046764
0.053533
0.090934
0.041743
0.077725
0.043561
0.044218
0.045880
0.048635
0.045721
0.048515
0.049823
0.091192
0.040796
0.086285
0.045599
0.041187
0.043245
0.043522
0.041829
0.043796
0.047555
0.092288
0.042388
0.073165
0.040735
0.037977
0.037016
0.038388
0.043335
0.043705
0.049935
0.096167
0.080783
0.042753
0.045229
0.045969
0.045606
0.048938
0.050170
0.054008
0.049519
0.102512
0.075835
0.041351
0.041937
0.041855
0.045263
0.046762
0.047914
0.049467
0.046705
0.094685
0.076928
0.039997
0.039626
0.040348
0.038410
0.040586
0.045695
0.046680
0.048543
0.090670
0.083785
0.046573
0.045142
0.047241
0.048704
0.047354
0.055242
0.046848
0.047036
0.090339
0.082913
0.040862
0.045814
0.048085
0.048218
0.048621
0.046739
0.049128
0.046813
0.098609
0.077193
0.043808
0.041628
0.045835
0.049091
0.046952
0.047508
0.048221
0.049296
0.091188
0.078824
0.041735
0.043916
0.045102
0.042809
0.043720
0.046546
0.045670
0.046996
0.093326
0.080925
0.040863
0.084302
0.051290
0.047759
0.050888
0.056385
0.044223
0.043151
0.149650
0.038679
0.044764
0.042219
0.043208
0.044609
0.046101
0.046852
0.046446
0.050747
0.114044
0.048315
0.052182
0.047088
0.046503
0.046652
0.050244
0.047936
0.046199
0.090163
0.092061
0.043075
0.050103
0.038512
0.038363
0.037866
0.037936
0.036310
0.038731
0.073660
0.092427
0.038905
0.038221
0.040033
0.044281
0.043453
0.045745
0.049753
0.052254
0.057820
0.096600
0.052981
0.052441
0.046276
0.045769
0.047499
0.047762
0.045939
0.052490
0.056095
0.097395
0.045150
0.047819
0.046771
0.049653
0.045796
0.047479
0.046594
0.049832
0.047528
0.112295
0.048629
0.050988
0.047820
0.049171
0.051375
0.047371
0.046443
0.045671
0.047586
0.110692
0.040270
0.051019
0.050867
0.047168
0.047285
0.044347
0.048913
0.044935
0.056226
0.101798
0.053653
0.049686
0.046592
0.052016
0.051394
0.046838
0.044342
0.049431
0.065584
0.103116
0.048695
0.046800
0.047186
0.047529
0.045309
0.046539
0.047231
0.049047
0.048518
0.102737
0.042606
0.046653
0.047305
0.050026
0.047072
0.047845
0.048414
0.049395
0.047566
0.110225
0.044850
0.047190
0.046142
0.048252
0.047642
0.049426
0.060209
0.048726
0.061119
0.094762
0.052929
0.049774
0.048020
0.049368
0.048466
0.049800
0.049170
0.050668
0.070719
0.092486
0.044117
0.047083
0.046942
0.047631
0.053424
0.048824
0.044378
0.049086
0.045485
0.110063
0.043303
0.043577
0.050142
0.045377
0.060042
0.081885
0.067335
0.057076
0.047161
0.129126
0.051358
0.049207
0.048918
0.043952
0.046190
0.048251
0.057969
0.081059
0.048900
0.093997
0.082013
0.074897
0.048810
0.096811
0.039276
0.042522
0.041273
0.044763
0.045840
0.138462
0.052509
0.093112
0.038390
0.041533
0.045534
0.041619
0.040940
0.041903
0.038157
0.134478
0.042137
0.041785
0.040493
0.045989
0.047216
0.043010
0.044009
0.047177
0.048881
0.113665
0.043446
0.042215
0.041735
0.053769
0.045415
0.048922
0.049071
0.049748
0.047915
0.109651
0.047121
0.046252
0.044025
0.044733
0.042979
0.049804
0.046899
0.054921
0.089202
0.085320
0.037480
0.038028
0.039196
0.039368
0.039064
0.042559
0.044046
0.048014
0.061283
0.090305
0.045831
0.046394
0.047003
0.048696
0.049350
0.049387
0.046886
0.048049
0.056014
0.094485
0.044035
0.042618
0.041654
0.042439
0.042400
0.060534
0.048231
0.048819
0.052586
0.090432
0.038979
0.036757
0.038178
0.044301
0.039689
0.041670
0.047563
0.049812
0.071269
0.108364
0.045534
0.047709
0.044550
0.047644
0.048515
0.048424
0.048354
0.051850
0.049062
0.105505
0.040178
0.039623
0.063846
0.039552
0.040574
0.042959
0.039337
0.040659
0.039833
0.135662
0.039713
0.044485
0.044708
0.044512
0.046376
0.047369
0.048834
0.054195
0.049750
0.114513
0.049539
0.049935
0.049588
0.058764
0.041067
0.039812
0.042454
0.047030
0.043182
0.144845
0.039281
0.041112
0.039358
0.089911
0.038513
0.038521
0.044182
0.043995
0.047086
0.147352
0.038713
0.043310
0.042459
0.047854
0.046845
0.046050
0.045817
0.049943
0.047287
0.123259
0.043121
0.040030
0.043944
0.045660
0.047109
0.047908
0.046383
0.105402
0.039337
0.126082
0.045094
0.094889
0.091618
0.039309
0.042767
0.042816
0.042215
0.042953
0.076633
0.094844
0.046087
0.049990
0.047043
0.048039
0.091304
0.042912
0.089160
0.122555
0.098067
0.093190
0.095909
0.093168
0.091891
0.098802
0.044136
0.074090
0.093638
0.091360
0.045302
0.094083
0.089331
0.038327
0.038600
0.090917
0.126753
0.048614
0.047499
0.046555
0.045532
0.092803
0.045822
0.045943
0.048712
0.047886
0.059422
0.039342
0.039587
0.039843
0.043293
0.096998
0.044060
0.050992
0.052371
0.047641
0.055860
0.039145
0.043746
0.039546
0.088067
0.098807
0.093122
0.042471
0.091496
0.073226
0.089011
0.044546
0.040914
0.046390
0.044705
0.096917
0.040167
0.058829
0.055406
0.046933
0.038482
0.039821
0.037508
0.041706
0.046495
0.093347
0.039921
0.038343
0.039705
0.061552
0.039495
0.088435
0.096409
0.091584
0.039567
0.087452
0.097152
0.051426
0.106606
0.059001
0.040093
0.039024
0.088626
0.090822
0.099129
0.091819
0.047817
0.108233
0.054049
0.041235
0.039643
0.040995
0.036477
0.038535
0.036966
0.089618
0.043330
0.043841
0.064965
0.088889
0.096771
0.048441
0.045151
0.099334
0.090187
0.092326
0.042975
0.063328
0.087623
0.092366
0.042383
0.042499
0.040437
0.058676
0.047559
0.092158
0.081077
0.043591
0.043268
0.047981
0.045105
0.047133
0.049100
0.048777
0.047750
0.122666
0.039892
0.040407
0.041362
0.043556
0.039358
0.044287
0.046626
0.048301
0.048689
0.094949
0.076676
0.042911
0.042022
0.040337
0.041405
0.042238
0.041454
0.047531
0.045866
0.093894
0.084614
0.045192
0.045554
0.048763
0.048845
0.049441
0.047607
0.048159
0.047626
0.140188
0.049503
0.054274
0.040711
0.042868
0.040311
0.039448
0.041060
0.042908
0.044018
0.096359
0.057647
0.051397
0.042947
0.044709
0.054547
0.048968
0.052366
0.051444
0.045764
0.093874
0.080293
0.047457
0.050597
0.046075
0.044464
0.046095
0.048113
0.052835
0.043002
0.091239
0.078617
0.043990
0.047258
0.041722
0.053394
0.042247
0.038726
0.040395
0.044342
0.113185
0.048944
0.041010
0.043392
0.043428
0.044916
0.046045
0.049864
0.047526
0.048312
0.092555
0.081658
0.043018
0.045724
0.042258
0.054011
0.039653
0.039617
0.044786
0.047474
0.146307
0.048042
0.047462
0.043830
0.046497
0.046372
0.046280
0.046480
0.048931
0.046592
0.140756
0.039437
0.040509
0.039787
0.042753
0.054623
0.044549
0.045959
0.048201
0.046227
0.137938
0.055007
0.050097
0.056915
0.050137
0.050988
0.048625
0.047904
0.049572
0.046099
0.136001
0.051210
0.047698
0.050644
0.045442
0.048768
0.047352
0.047793
0.047852
0.048219
0.123925
0.045106
0.046160
0.048487
0.048037
0.044102
0.041392
0.043782
0.046098
0.047677
0.143865
0.044377
0.040919
0.043185
0.048098
0.045545
0.046245
0.045873
0.052840
0.044525
0.097876
0.066263
0.039850
0.040957
0.040773
0.040179
0.042377
0.041901
0.041912
0.042259
0.092954
0.066596
0.050315
0.039208
0.039775
0.037901
0.040110
0.040398
0.047644
0.043911
0.125701
0.046143
0.047071
0.050961
0.049974
0.044176
0.047430
0.045373
0.055924
0.045620
0.140550
0.044930
0.047831
0.047422
0.045074
0.037890
0.042865
0.041795
0.043780
0.042912
0.114173
0.042865
0.038502
0.039704
0.048964
0.040205
0.043204
0.047514
0.061732
0.077321
0.097384
0.049933
0.048750
0.049744
0.052230
0.044624
0.047973
0.044331
0.046210
0.049236
0.109596
0.059321
0.049467
0.047826
0.048437
0.048133
0.052429
0.064008
0.047678
0.047580
0.112753
0.047327
0.049579
0.050823
0.047881
0.047769
0.049230
0.048087
0.048797
0.048142
0.118164
0.050946
0.047975
0.047172
0.049129
0.046060
0.048246
0.046882
0.048190
0.047577
0.107840
0.040165
0.045228
0.041692
0.043391
0.045585
0.050451
0.047186
0.052753
0.061741
0.099715
0.048019
0.061471
0.046411
0.046161
0.045866
0.049880
0.054944
0.048140
0.065020
0.096557
0.050845
0.048856
0.048445
0.048732
0.049317
0.047546
0.046640
0.048445
0.046417
0.103738
0.042222
0.048016
0.044782
0.045118
0.044690
0.047967
0.049249
0.048250
0.049335
0.110767
0.043404
0.045000
0.042125
0.040373
0.039117
0.038698
0.040211
0.041008
0.037541
0.134520
0.040423
0.046185
0.047881
0.050185
0.050216
0.050480
0.047234
0.046793
0.054459
0.101380
0.046925
0.050889
0.047342
0.051164
0.047114
0.049991
0.046807
0.047952
0.048266
0.116697
0.047702
0.049602
0.050387
0.049113
0.091147
0.043530
0.043326
0.046190
0.133304
0.098392
0.036275
0.041809
0.042962
0.089888
0.040734
0.037972
0.035115
0.037732
0.074295
0.092836
0.042250
0.050293
0.051188
0.045403
0.047150
0.046914
0.044394
0.044309
0.047916
0.110531
0.040993
0.045066
0.044246
0.045854
0.047904
0.045224
0.044455
0.048036
0.045365
0.111193
0.041508
0.043382
0.040202
0.040425
0.039824
0.040218
0.043422
0.042156
0.037658
0.120413
0.069745
0.040001
