1.607965
0.029911
0.028332
0.027534
0.037006
0.040323
0.084166
0.034421
0.032684
0.032901
0.073232
0.034446
0.034244
0.032292
0.033287
0.034147
0.056660
0.072071
0.082652
0.038514
0.089232
0.065238
0.060493
0.096897
0.102983
0.100469
0.113684
0.104231
0.102427
0.108733
0.189720
0.050080
0.050351
0.047316
0.046586
0.050026
0.042670
0.046942
0.047028
0.050390
0.150000
0.038474
0.041376
0.041190
0.043526
0.045622
0.092828
0.095052
0.098073
0.070949
0.087692
0.057093
0.046170
0.048463
0.047549
0.051090
0.045958
0.046159
0.048301
0.052423
0.096104
0.093111
0.048320
0.046141
0.046940
0.094826
0.089955
0.096772
0.115963
0.101659
0.091480
0.039874
0.041074
0.039173
0.039996
0.037206
0.049985
0.074859
0.043130
0.047377
0.090966
0.090536
0.044479
0.053465
0.047334
0.045787
0.044067
0.059811
0.036994
0.040517
0.087166
0.037753
0.042078
0.046211
0.094477
0.057085
0.047975
0.060041
0.040999
0.039828
0.101892
0.045598
0.024476
0.021754
0.026360
0.020681
0.022891
0.024370
0.020491
0.023152
0.087622
0.040143
0.020660
0.027308
0.024611
0.020544
0.023235
0.025168
0.024229
0.020766
0.072931
0.024578
0.028549
0.024442
0.021245
0.022270
0.023483
0.024847
0.023089
0.024295
0.072682
0.026948
0.021797
0.034849
0.025708
0.022630
0.094095
0.060791
0.103663
0.050488
0.093822
0.092486
0.094637
0.092473
0.058653
0.063016
0.092063
0.094476
0.093648
0.045746
0.094665
0.094248
0.088045
0.131020
0.047370
0.050644
0.048171
0.050800
0.047324
0.048003
0.092281
0.044929
0.075252
0.046169
0.040072
0.041704
0.042463
0.045378
0.047911
0.048331
0.094026
0.041853
0.073406
0.044774
0.043888
0.046194
0.050109
0.092376
0.089747
0.043342
0.103724
0.057201
0.094278
0.048068
0.093057
0.039283
0.039852
0.039937
0.045509
0.044998
0.090507
0.076892
0.040973
0.087219
0.090744
0.043922
0.091917
0.100178
0.086303
0.092022
0.118523
0.095059
0.097063
0.089653
0.094324
0.096763
0.091573
0.092022
0.121072
0.095382
0.103090
0.093273
0.096588
0.091658
0.089770
0.097110
0.113964
0.042373
0.042297
0.041013
0.097436
0.042283
0.053587
0.046874
0.045093
0.054892
0.047667
0.041169
0.049259
0.088160
0.095350
0.047510
0.092756
0.047852
0.047455
0.048033
0.056663
0.040468
0.037443
0.088621
0.091629
0.047162
0.050110
0.040829
0.044565
0.047953
0.053261
0.090600
0.047027
0.048481
0.090638
0.038094
0.038986
0.041170
0.044722
0.059085
0.041599
0.038258
0.040121
0.040677
0.092730
0.042484
0.045394
0.051829
0.049212
0.048632
0.054872
0.086010
0.038137
0.087865
0.093949
0.048819
0.044878
0.045644
0.042771
0.049559
0.053164
0.038722
0.039079
0.037942
0.093508
0.041952
0.043630
0.041094
0.048479
0.109205
0.103404
0.045344
0.095660
0.089543
0.096154
0.093946
0.090846
0.042301
0.070523
0.040659
0.052448
0.090636
0.037793
0.044018
0.088068
0.092847
0.049667
0.042063
0.064686
0.087986
0.043754
0.093284
0.053575
0.046037
0.098924
0.039296
0.039286
0.078770
0.044334
0.037771
0.040297
0.091854
0.065007
0.047391
0.093653
0.046751
0.047787
0.053274
0.094589
0.046121
0.045105
0.045876
0.047571
0.092917
0.089902
0.093929
0.117101
0.090530
0.091941
0.103724
0.095092
0.049523
0.051507
0.051370
0.140625
0.043941
0.090302
0.044676
0.046867
0.045557
0.048995
0.093865
0.042224
0.154777
0.100817
0.051271
0.048818
0.050121
0.047822
0.092999
0.043507
0.040400
0.080661
0.048141
0.098307
0.041876
0.039736
0.039905
0.042489
0.045523
0.042566
0.090867
0.141736
0.093551
0.094613
0.040376
0.040373
0.041375
0.039368
0.041989
0.045535
0.063491
0.048187
0.048362
0.093981
0.043807
0.047938
0.045550
0.048663
0.091445
0.094225
0.127985
0.048491
0.054912
0.092337
0.043225
0.042746
0.047445
0.043908
0.044432
0.067526
0.048549
0.043358
0.037316
0.089024
0.041634
0.040808
0.037610
0.037528
0.036042
0.077302
0.041985
0.093428
0.093378
0.096267
0.050055
0.049946
0.046138
0.047505
0.048055
0.060348
0.040567
0.046784
0.041720
0.091033
0.046176
0.047279
0.047604
0.050977
0.046885
0.061300
0.044889
0.037410
0.039114
0.092307
0.042511
0.044741
0.050330
0.044781
0.039831
0.071398
0.040053
0.043825
0.043012
0.092219
0.038466
0.038597
0.039547
0.046236
0.048030
0.069312
0.045397
0.047733
0.047901
0.092972
0.042753
0.044308
0.057194
0.046226
0.046356
0.048762
0.056239
0.041430
0.040953
0.088028
0.041932
0.044130
0.039098
0.048256
0.038896
0.043707
0.071134
0.043710
0.042999
0.091518
0.038321
0.039423
0.038433
0.041439
0.046641
0.044522
0.082791
0.045206
0.050774
0.096302
0.040294
0.039241
0.041150
0.043999
0.040792
0.043187
0.072346
0.039097
0.050759
0.096880
0.045827
0.047384
0.041731
0.045358
0.047049
0.048995
0.052044
0.049404
0.043374
0.098164
0.045578
0.061648
0.047426
0.052827
0.046461
0.052309
0.048082
0.041767
0.040963
0.106892
0.054429
0.047750
0.051750
0.048554
0.048711
0.055826
0.062442
0.044195
0.048596
0.095337
0.048407
0.047558
0.044784
0.050645
0.047744
0.056453
0.039330
0.043043
0.042495
0.096676
0.048263
0.048850
0.049263
0.049121
0.047500
0.058707
0.038271
0.046304
0.046105
0.085179
0.038752
0.041914
0.053061
0.039279
0.039258
0.081914
0.046849
0.046161
0.047925
0.090231
0.042950
0.043538
0.047856
0.047122
0.049187
0.061698
0.045650
0.039237
0.038625
0.089414
0.047217
0.044634
0.045361
0.047527
0.049999
0.047945
0.055903
0.044564
0.040568
0.101004
0.052515
0.043008
0.050266
0.049443
0.047459
0.045832
0.061692
0.040306
0.042192
0.095501
0.042765
0.046614
0.049848
0.049733
0.057154
0.069922
0.048217
0.047452
0.045164
0.094421
0.042036
0.046263
0.045687
0.053041
0.062277
0.048875
0.053031
0.059107
0.045778
0.091203
0.047936
0.053275
0.047671
0.063078
0.048345
0.043087
0.051515
0.047776
0.042964
0.089981
0.051482
0.038734
0.041010
0.056468
0.045762
0.044274
0.044549
0.042108
0.039470
0.090923
0.048625
0.062544
0.080969
0.040565
0.072095
0.054013
0.059573
0.045742
0.044683
0.094626
0.043353
0.045078
0.043287
0.047454
0.049425
0.056372
0.045273
0.040868
0.046335
0.089741
0.046751
0.049479
0.047914
0.048506
0.046628
0.059593
0.043356
0.044852
0.049307
0.098125
0.042493
0.042441
0.043485
0.039405
0.084436
0.044516
0.042685
0.044880
0.048183
0.092480
0.039893
0.040003
0.038997
0.041838
0.073390
0.053248
0.047072
0.065558
0.081203
0.136653
0.081850
0.084486
0.075532
0.051232
0.057366
0.080212
0.093144
0.060109
0.043074
0.127818
0.043972
0.044853
0.045000
0.044247
0.042256
0.043601
0.046292
0.064639
0.045427
0.094679
0.046901
0.045013
0.043919
0.050287
0.050054
0.048185
0.048147
0.056852
0.040025
0.131760
0.081237
0.047865
0.042952
0.065581
0.042802
0.048477
0.038382
0.040828
0.079224
0.089252
0.048019
0.050966
0.046439
0.043906
0.041348
0.063161
0.044966
0.044929
0.064765
0.133925
0.039740
0.078358
0.076658
0.049194
0.055170
0.039895
0.087010
0.061745
0.041483
0.092830
0.070187
0.041995
0.041663
0.042845
0.045783
0.045677
0.046271
0.057377
0.040316
0.092129
0.045890
0.066073
0.039092
0.050831
0.044005
0.038821
0.038043
0.041885
0.040127
0.087778
0.038006
0.078764
0.040389
0.043550
0.045825
0.048826
0.051980
0.046647
0.045735
0.092389
0.038394
0.084222
0.041933
0.043887
0.046715
0.054504
0.057828
0.042738
0.044961
0.101480
0.042790
0.080225
0.041792
0.044245
0.045982
0.047788
0.046273
0.057176
0.037369
0.085849
0.040873
0.042386
0.078773
0.044902
0.044992
0.047618
0.047782
0.046709
0.046510
0.094470
0.042106
0.041909
0.055643
0.046893
0.037668
0.039577
0.038602
0.048227
0.042357
0.090716
0.039762
0.077682
0.042549
0.070038
0.048614
0.050138
0.047406
0.046946
0.042952
0.096617
0.046535
0.047333
0.047769
0.045335
0.072263
0.045353
0.046263
0.047050
0.046447
0.092316
0.038908
0.044144
0.047288
0.045797
0.082438
0.054833
0.049380
0.092844
0.040993
0.092697
0.096708
0.052545
0.091016
0.078121
0.042480
0.089329
0.091422
0.045745
0.097400
0.096157
0.039978
0.040795
0.082007
0.045612
0.069731
0.096877
0.093541
0.077144
0.071321
0.117585
0.044473
0.074418
0.075764
0.049755
0.054529
0.040808
0.039151
0.041657
0.049073
0.091764
0.039050
0.040695
0.040162
0.041715
0.079463
0.042535
0.041607
0.045243
0.046507
0.090640
0.039014
0.039872
0.045825
0.045794
0.079507
0.040307
0.042976
0.042907
0.044500
0.094141
0.043035
0.050674
0.048239
0.051861
0.064951
0.042936
0.040604
0.040414
0.040141
0.092182
0.045186
0.049269
0.048144
0.049453
0.047212
0.041816
0.041452
0.044219
0.044647
0.100251
0.045098
0.050918
0.049704
0.048994
0.057812
0.040578
0.037904
0.040619
0.036928
0.089784
0.040772
0.041447
0.040801
0.041522
0.061444
0.041044
0.043017
0.043173
0.044435
0.097271
0.038476
0.039504
0.039544
0.042240
0.077617
0.041148
0.045733
0.049331
0.045166
0.092960
0.052043
0.046942
0.045149
0.048702
0.060299
0.043065
0.042259
0.045508
0.047812
0.091276
0.039111
0.040380
0.044597
0.078025
0.040829
0.043038
0.043759
0.040446
0.044755
0.098270
0.038032
0.044309
0.042665
0.071965
0.040381
0.043260
0.053593
0.041080
0.041202
0.101671
0.037560
0.039835
0.077928
0.056257
0.045734
0.047751
0.044950
0.051259
0.053228
0.094851
0.044957
0.044608
0.065894
0.037591
0.038432
0.043233
0.044655
0.045754
0.044103
0.086274
0.044519
0.039304
0.080198
0.051882
0.040707
0.048476
0.043478
0.046744
0.046839
0.091056
0.037776
0.040232
0.078296
0.048019
0.047256
0.046819
0.047262
0.058159
0.046809
0.090640
0.039671
0.042046
0.070163
0.050729
0.048155
0.052054
0.046648
0.046692
0.047546
0.091994
0.041647
0.045176
0.070150
0.052089
0.050173
0.049145
0.047064
0.049548
0.049184
0.104471
0.040780
0.039976
0.077580
0.054933
0.038991
0.039152
0.043058
0.042678
0.046327
0.091134
0.040668
0.041616
0.075868
0.042436
0.041592
0.038712
0.040774
0.043027
0.041556
0.088045
0.046445
0.047942
0.060656
0.039816
0.039652
0.040121
0.041752
0.044123
0.046696
0.093157
0.039426
0.083344
0.039885
0.041381
0.044780
0.044650
0.047949
0.047519
0.050005
0.091448
0.039854
0.083692
0.042205
0.047092
0.093363
0.056724
0.093721
0.090376
0.038116
0.091228
0.065158
0.041601
0.042108
0.044903
0.044924
0.044281
0.046390
0.045666
0.054343
0.093101
0.083732
0.039555
0.042744
0.040001
0.039422
0.042745
0.043243
0.046604
0.046585
0.092070
0.080807
0.040285
0.038081
0.039544
0.045997
0.043859
0.044864
0.047965
0.043401
0.092253
0.084979
0.041598
0.046747
0.042016
0.044838
0.048621
0.045228
0.047482
0.047070
0.091258
0.083512
0.045640
0.047719
0.045730
0.042972
0.047319
0.048206
0.051978
0.044997
0.090413
0.080181
0.040909
0.041517
0.040175
0.040649
0.043833
0.041214
0.038311
0.043361
0.090353
0.077111
0.039162
0.043905
0.045892
0.046644
0.049406
0.055213
0.049245
0.049267
0.098507
0.079860
0.044384
0.040926
0.042025
0.039316
0.044618
0.045544
0.047415
0.050778
0.144624
0.038502
0.041641
0.046905
0.046555
0.048775
0.046757
0.051185
0.050500
0.047833
0.127814
0.044985
0.043552
0.043507
0.056437
0.049192
0.047630
0.045726
0.063959
0.050415
0.142891
0.088728
0.099366
0.095439
0.103251
0.045634
0.049691
0.047384
0.046868
0.063276
0.086208
0.041212
0.047084
0.042465
0.047166
0.040574
0.095482
0.050266
0.051256
0.058544
0.092861
0.043389
0.048526
0.046474
0.048795
0.049383
0.046750
0.041981
0.044687
0.073056
0.089625
0.039460
0.039345
0.038155
0.040720
0.057117
0.047553
0.046365
0.049557
0.058423
0.091341
0.045579
0.050448
0.050770
0.049433
0.050005
0.047059
0.051874
0.047272
0.057617
0.090907
0.044199
0.048135
0.048614
0.048880
0.054155
0.048022
0.048787
0.046767
0.060932
0.090265
0.042876
0.047201
0.050662
0.049592
0.048084
0.049575
0.047212
0.053372
0.059207
0.092008
0.047160
0.050903
0.047463
0.048459
0.045697
0.048078
0.047097
0.048828
0.056788
0.091820
0.048109
0.048881
0.047092
0.053172
0.045938
0.045850
0.043869
0.054093
0.056405
0.085879
0.040358
0.039000
0.036866
0.039238
0.037002
0.040614
0.038892
0.051301
0.060242
0.098166
0.046028
0.048530
0.046564
0.047537
0.045826
0.054854
0.046108
0.043970
0.055896
0.105062
0.052719
0.048857
0.045456
0.046369
0.048906
0.045285
0.048013
0.044280
0.048774
0.115213
0.043148
0.046990
0.037864
0.039431
0.049942
0.039046
0.042005
0.037183
0.046472
0.137148
0.037348
0.039980
0.038511
0.037407
0.039242
0.096802
0.092578
0.095416
0.080974
0.087588
0.096532
0.115109
0.097131
0.095839
0.093358
0.096882
0.066841
0.040586
0.037362
0.093833
0.044792
0.044495
0.043212
0.048876
0.052565
0.045410
0.063483
0.041906
0.040928
0.088360
0.040226
0.043459
0.041184
0.045131
0.041867
0.040631
0.073724
0.051668
0.050315
0.091110
0.042243
0.039548
0.038315
0.039348
0.038082
0.043672
0.047531
0.055973
0.038970
0.093012
0.047288
0.059692
0.048595
0.047946
0.047963
0.047566
0.056109
0.048085
0.043575
0.094202
0.044750
0.095869
0.091949
0.090561
0.040566
0.042738
0.123141
0.041740
0.095617
0.095747
0.094961
0.095359
0.095312
0.091668
0.071715
0.039303
0.087568
0.093707
0.094520
0.097314
0.091762
0.096286
0.147640
0.090116
0.091347
0.094688
0.091581
0.100819
0.091945
0.093609
0.121430
0.095699
0.092435
0.089181
0.095181
0.090695
0.039057
0.042598
0.070422
0.092031
0.041467
0.042240
0.043801
0.044663
0.046439
0.047340
0.046943
0.046514
0.055492
0.093256
0.042852
0.044834
0.047077
0.042253
0.045138
0.096858
0.046194
0.056801
0.050293
0.092911
0.040554
0.044562
0.042408
0.044566
0.042523
0.044144
0.043426
0.104623
0.060997
0.093057
0.112185
0.050771
0.048753
0.046755
0.045696
0.047511
0.045673
0.045904
0.055485
0.092557
0.096303
0.049634
0.049742
0.050415
0.047964
0.052553
0.047301
0.022793
0.028100
0.068142
0.021037
0.041569
0.039528
0.023255
0.022077
0.025896
0.019796
0.023175
0.046705
0.075249
0.022037
0.022632
0.053954
0.023361
0.023069
0.024131
0.026483
0.025176
0.031285
0.065773
0.021528
0.023528
0.028596
0.024738
0.028064
0.020662
0.023155
0.024131
0.021049
0.070804
0.022563
0.023035
0.020967
0.023437
0.024048
0.032108
0.022662
0.025934
0.027952
0.112486
0.025939
0.024959
0.025019
0.021598
0.023324
0.023796
0.020122
0.024202
0.022187
0.070068
0.021182
0.024024
0.026693
0.023834
0.020622
0.022976
0.023727
0.024743
0.022990
0.074295
0.022254
0.024453
0.023106
0.025011
0.023359
0.024059
0.024489
0.021436
0.024235
0.092372
0.021223
0.022843
0.024000
0.020700
0.022392
0.024289
0.024911
0.021294
0.025214
0.073700
0.025384
0.022518
0.024675
0.028810
0.026194
0.024404
0.022951
0.024222
0.030019
0.075335
0.023289
0.027688
0.026580
0.023650
0.022639
0.026268
0.020843
0.038954
0.026763
0.071734
0.022801
0.025434
0.024271
0.022736
0.022530
0.024635
0.022879
0.023179
0.023328
0.075649
0.023901
0.024100
0.021045
0.023443
0.023118
0.024865
0.024521
0.037776
0.023708
0.076726
0.022487
0.026288
0.024032
0.022341
0.019884
0.023386
0.025492
0.025094
0.021931
0.069146
0.021260
0.025133
0.026099
0.025291
0.020276
0.034256
0.027589
0.026832
0.020975
0.109895
0.028253
0.022566
0.022543
0.024051
0.030174
0.024950
0.023386
0.027163
0.020646
0.070203
0.021865
0.024359
0.023171
0.028485
0.026994
0.022648
0.024719
0.024748
0.022714
0.066915
0.021708
0.024993
0.019948
0.026582
0.023211
0.025096
0.024578
0.023502
0.027874
0.088029
0.028416
0.024175
0.023606
0.026419
0.022114
0.024445
0.026180
0.023758
0.022252
0.075029
0.024446
0.028169
0.020685
0.022815
0.026499
0.022360
0.021612
0.025000
0.022114
0.066643
0.021215
0.026522
0.023662
0.093477
0.045682
0.026357
0.023442
0.025757
0.023605
0.074255
0.024546
0.025358
0.023779
0.028207
0.022171
0.022730
0.026062
0.024349
0.020792
0.095433
0.041401
0.022192
0.023059
0.025876
0.023901
0.026921
0.022840
0.025116
0.026136
0.068709
0.021214
0.023985
0.025270
0.027646
0.023290
0.095120
0.022987
0.023898
0.024901
0.087260
0.025343
0.021930
0.026845
0.025645
0.020692
0.026446
0.024250
0.027486
0.100417
0.099504
0.040710
0.092018
0.098064
0.051287
0.050878
0.055591
0.079705
0.051679
0.051298
0.093318
0.048972
0.056507
0.054634
0.052271
0.050891
0.068050
0.047316
0.045752
0.047333
0.093108
0.045103
0.045280
0.118047
0.042993
0.069589
0.090069
0.080226
0.043213
0.046421
0.088778
0.040883
0.050402
