1.304531
0.028965
0.027073
0.027142
0.026363
0.027007
0.026436
0.026412
0.026469
0.026282
0.065574
0.027720
0.027108
0.028030
0.027613
0.027410
0.027221
0.027394
0.027888
0.026808
0.066589
0.027617
0.026893
0.030553
0.025877
0.026002
0.026021
0.025638
0.025586
0.025770
0.064713
0.027891
0.026867
0.027511
0.026426
0.027385
0.026107
0.027478
0.026357
0.028161
0.065978
0.027352
0.027564
0.027235
0.026604
0.026762
0.033653
0.026793
0.026901
0.026476
0.066699
0.028761
0.027750
0.028083
0.027031
0.027709
0.027038
0.027547
0.027922
0.027520
0.067879
0.028303
0.027631
0.027289
0.027666
0.029772
0.028272
0.028332
0.030855
0.028112
0.069516
0.037316
0.028861
0.041162
0.031545
0.028247
0.028851
0.027624
0.030549
0.028031
0.069791
0.028309
0.027841
0.027376
0.027569
0.027283
0.027660
0.026854
0.026260
0.026763
0.069020
0.026563
0.031788
0.027481
0.026763
0.026985
0.026686
0.026578
0.026976
0.027215
0.068596
0.028075
0.028651
0.035484
0.028068
0.027473
0.028132
0.027508
0.028524
0.029081
0.068166
0.032336
0.026930
0.026317
0.027894
0.026793
0.026558
0.026081
0.026181
0.026071
0.066781
0.028052
0.027143
0.030466
0.030251
0.030501
0.028304
0.027256
0.026991
0.027672
0.066826
0.027228
0.027228
0.031342
0.026829
0.026126
0.026101
0.026788
0.026194
0.026174
0.065760
0.027295
0.025922
0.026569
0.025702
0.025851
0.025455
0.025599
0.025368
0.025374
0.067661
0.027204
0.025517
0.025421
0.025571
0.027040
0.027792
0.026704
0.027231
0.026399
0.067180
0.027615
0.026820
0.027109
0.026984
0.027103
0.027173
0.026652
0.025672
0.025716
0.065584
0.027448
0.026006
0.026126
0.026106
0.026338
0.025909
0.026094
0.026377
0.026165
0.070383
0.026793
0.030882
0.026216
0.025616
0.025645
0.025674
0.026550
0.025705
0.027569
0.066802
0.028042
0.027193
0.027368
0.027676
0.027949
0.027294
0.027696
0.027140
0.026978
0.067872
0.027895
0.030386
0.026625
0.026203
0.026894
0.026493
0.025644
0.025760
0.025765
0.066132
0.025850
0.025990
0.025799
0.025509
0.026022
0.026217
0.026264
0.025794
0.026110
0.065812
0.028005
0.026791
0.028057
0.026769
0.027881
0.026731
0.027563
0.026748
0.027763
0.066418
0.027317
0.027191
0.026241
0.026183
0.026341
0.026326
0.026082
0.025661
0.026058
0.066279
0.026727
0.026127
0.026461
0.025583
0.027432
0.028187
0.027286
0.027488
0.030365
0.067304
0.027675
0.027305
0.026654
0.027546
0.027063
0.025506
0.025905
0.026115
0.026267
0.066440
0.026962
0.028935
0.069130
0.028482
0.027445
0.027109
0.067345
0.026656
0.026890
0.066847
0.068203
0.068428
0.028221
0.067281
0.027679
0.027570
0.026222
0.026181
0.027184
0.068638
0.029184
0.067811
0.028178
0.026985
0.026873
0.025958
0.025977
0.029159
0.026085
0.065494
0.027970
0.027332
0.026928
0.026993
0.025772
0.026281
0.065361
0.027306
0.067158
0.068174
0.027160
0.025636
0.025285
0.025265
0.025300
0.025740
0.025323
0.025095
0.025194
0.068475
0.026579
0.025833
0.025564
0.024837
0.024942
0.024848
0.024908
0.024786
0.024943
0.065410
0.027903
0.026574
0.026985
0.027056
0.027028
0.027701
0.027266
0.027370
0.027197
0.068199
0.028812
0.027077
0.031245
0.026650
0.026556
0.025929
0.065720
0.027413
0.026262
0.066833
0.027836
0.026811
0.026614
0.027047
0.027247
0.027036
0.066425
0.071656
0.069910
0.067801
0.068188
0.027864
0.026504
0.025863
0.025729
0.026590
0.026864
0.027422
0.026024
0.065581
0.030152
0.027424
0.027870
0.026210
0.027354
0.066188
0.028640
0.026026
0.025883
0.065222
0.027877
0.026144
0.025888
0.030423
0.026803
0.064492
0.026892
0.026163
0.026884
0.065998
0.028269
0.026360
0.027117
0.066265
0.068773
0.068305
0.068405
0.067228
0.027339
0.065254
0.027367
0.026374
0.026336
0.025998
0.026236
0.064913
0.066688
0.067519
0.068077
0.068671
0.068485
0.069001
0.071041
0.070126
0.070240
0.072402
0.068489
0.027231
0.066567
0.067774
0.068658
0.069664
0.029198
0.028374
0.028199
0.028157
0.067753
0.028738
0.069241
0.068731
0.069304
0.028165
0.027632
0.026191
0.066198
0.027210
0.067026
0.028361
0.027044
0.067092
0.028369
0.026294
0.067871
0.028455
0.028587
0.026715
0.027401
0.026379
0.026571
0.065999
0.027038
0.028913
0.028664
0.027556
0.027298
0.025852
0.026009
0.026348
0.026225
0.065370
0.026990
0.026418
0.026098
0.026819
0.027569
0.026944
0.027634
0.026463
0.027687
0.066773
0.027748
0.027997
0.026636
0.027796
0.027236
0.026042
0.026129
0.026170
0.026075
0.065711
0.026843
0.025922
0.026121
0.025856
0.025977
0.025842
0.025856
0.025486
0.025558
0.065938
0.027705
0.028407
0.026689
0.027379
0.026801
0.026780
0.027272
0.030242
0.028042
0.066600
0.029221
0.027192
0.027151
0.026576
0.026693
0.026215
0.027064
0.026183
0.026446
0.066378
0.028676
0.027932
0.026666
0.027467
0.028002
0.027146
0.026476
0.027216
0.026577
0.068782
0.027785
0.026111
0.028999
0.027608
0.026978
0.026205
0.026502
0.026347
0.026734
0.066599
0.027796
0.026861
0.026665
0.026736
0.026880
0.026639
0.028060
0.027617
0.029017
0.067389
0.029217
0.027175
0.032485
0.026806
0.027717
0.027186
0.027962
0.027061
0.026536
0.067016
0.027545
0.025985
0.026332
0.026475
0.026244
0.026101
0.026046
0.026107
0.026347
0.066810
0.026402
0.025948
0.026264
0.026192
0.026031
0.027009
0.026966
0.027911
0.028408
0.067278
0.028149
0.027441
0.027728
0.026843
0.027639
0.027507
0.027817
0.026640
0.026210
0.066030
0.027171
0.026724
0.026598
0.025959
0.025945
0.026026
0.026346
0.026002
0.026259
0.066027
0.028138
0.026082
0.025912
0.028511
0.027194
0.026647
0.028245
0.026498
0.028075
0.067167
0.028685
0.027685
0.028877
0.026850
0.028432
0.026739
0.026433
0.025961
0.026530
0.065901
0.027794
0.027037
0.026691
0.026382
0.026175
0.026105
0.026364
0.026464
0.026386
0.065956
0.028381
0.028076
0.027425
0.028243
0.026979
0.027611
0.027420
0.028295
0.027186
0.068068
0.029330
0.027044
0.027019
0.026327
0.030990
0.026548
0.026578
0.026527
0.026689
0.066353
0.026986
0.026393
0.026641
0.025847
0.026544
0.026345
0.026424
0.026655
0.026186
0.065872
0.027824
0.028662
0.027171
0.027591
0.027639
0.027690
0.026419
0.027092
0.027159
0.067513
0.028364
0.026269
0.027593
0.026602
0.026142
0.025501
0.026064
0.025915
0.025943
0.066411
0.067121
0.068366
0.067469
0.067193
0.067247
0.070241
0.068166
0.067757
0.028883
0.066618
0.068488
0.068149
0.028949
0.066572
0.028106
0.027994
0.065850
0.067866
0.027098
0.066921
0.028565
0.026806
0.064763
0.028005
0.026487
0.027199
0.026129
0.025731
0.027832
0.066528
0.028231
0.027352
0.026699
0.026669
0.028805
0.027280
0.026426
0.027785
0.026742
0.068827
0.028269
0.026270
0.034063
0.029148
0.026962
0.027017
0.026966
0.027238
0.027057
0.066706
0.028100
0.027025
0.026677
0.027650
0.027513
0.027113
0.026622
0.027719
0.027858
0.067214
0.028589
0.026994
0.028170
0.026865
0.026409
0.026245
0.032045
0.027848
0.027467
0.066018
0.027277
0.026967
0.028288
0.027036
0.026808
0.027173
0.028368
0.027276
0.026439
0.067573
0.028884
0.026394
0.026709
0.026322
0.027574
0.027539
0.027359
0.026668
0.028008
0.072473
0.028619
0.027416
0.027258
0.027628
0.026849
0.026659
0.028189
0.026853
0.028143
0.067507
0.028266
0.027427
0.027764
0.027229
0.026760
0.026750
0.027940
0.026616
0.028161
0.067073
0.027151
0.032107
0.027199
0.027953
0.026433
0.026123
0.026888
0.027011
0.028232
0.066466
0.028228
0.028609
0.027429
0.026662
0.028732
0.028482
0.027331
0.027236
0.027743
0.067227
0.028689
0.027334
0.026637
0.027191
0.032447
0.027132
0.027150
0.027266
0.027239
0.067648
0.030297
0.029941
0.029389
0.028761
0.028423
0.027197
0.028341
0.028741
0.027807
0.067508
0.029331
0.027376
0.068278
0.068306
0.068827
0.067939
0.068889
0.067093
0.067706
0.067513
0.068317
0.028413
0.067116
0.068285
0.068191
0.067824
0.068648
0.069453
0.068466
0.067258
0.027731
0.027350
0.026577
0.025940
0.025478
0.025500
0.027340
0.027582
0.026221
0.065847
0.029114
0.027064
0.026317
0.026321
0.027311
0.026227
0.027958
0.026641
0.025766
0.067465
0.027899
0.028245
0.026179
0.025418
0.026928
0.026817
0.027016
0.027852
0.027455
0.066139
0.028760
0.028302
0.026467
0.028020
0.027661
0.026050
0.027812
0.026177
0.027037
0.065384
0.028206
0.030842
0.026488
0.026463
0.027174
0.026340
0.026979
0.026508
0.025761
0.067545
0.028656
0.026655
0.026554
0.028057
0.027781
0.026985
0.026249
0.025691
0.027633
0.067948
0.028275
0.027136
0.027747
0.027585
0.032565
0.027500
0.026650
0.027016
0.027287
0.066947
0.028349
0.027375
0.030575
0.030683
0.028695
0.029489
0.029448
0.026835
0.027291
0.068725
0.028461
0.026227
0.027470
0.026670
0.027158
0.026400
0.030220
0.026693
0.027628
0.066061
0.028342
0.027194
0.027862
0.027526
0.027955
0.026928
0.027997
0.026646
0.026962
0.067252
0.028527
0.027656
0.027107
0.027105
0.028080
0.026871
0.026936
0.026118
0.027750
0.070794
0.027931
0.028125
0.027073
0.027664
0.026610
0.026347
0.027670
0.027766
0.028114
0.067075
0.029119
0.027419
0.029307
0.027506
0.027033
0.026741
0.027595
0.027972
0.026991
0.066483
0.028679
0.031480
0.026746
0.027840
0.027108
0.027593
0.027506
0.026712
0.027280
0.068753
0.027175
0.027198
0.027983
0.027683
0.027530
0.026646
0.027138
0.028521
0.027573
0.067724
0.028315
0.027771
0.028272
0.027056
0.026659
0.027308
0.027121
0.027638
0.026994
0.066681
0.029539
0.026857
0.026527
0.065818
0.029255
0.026688
0.026464
0.026771
0.027983
0.066876
0.027693
0.026683
0.028453
0.026912
0.026380
0.026548
0.030134
0.026802
0.027228
0.067811
0.027721
0.027201
0.027562
0.027947
0.027694
0.026004
0.026704
0.028433
0.026861
0.068104
0.067481
0.027716
0.027905
0.066134
0.028001
0.027032
0.068620
0.028024
0.027249
0.068338
0.027654
0.026459
0.027040
0.026193
0.028147
0.026144
0.026637
0.027411
0.027706
0.066844
0.028006
0.027232
0.026407
0.027669
0.027432
0.026963
0.026169
0.025727
0.026916
0.070353
0.027065
0.026103
0.026977
0.027302
0.026735
0.026370
0.026158
0.012769
0.013930
0.052860
0.029440
0.013514
0.028884
0.026880
0.027801
0.013111
0.025945
0.026903
0.013218
0.067712
0.027590
0.067201
0.030038
0.027173
0.027583
0.026666
0.025970
0.026197
0.027436
0.067909
0.027763
0.025647
0.027247
0.027548
0.027233
0.026904
0.026249
0.026699
0.027215
0.067428
0.027132
0.027495
0.026248
0.027147
0.026641
0.026122
0.030493
0.027778
0.067168
0.068289
0.027085
0.025771
0.027303
0.025488
0.027194
0.028609
0.028327
0.028263
0.026545
0.065334
0.028920
0.027115
0.028113
0.027056
0.027724
0.027684
0.027149
0.028898
0.027403
0.067055
0.029018
0.029098
0.028964
0.028278
0.028097
0.027311
0.027896
0.028060
0.028704
0.067163
0.070228
0.028910
0.028070
0.028255
0.027637
0.027247
0.068620
0.070610
0.069803
0.069251
0.029691
0.067446
0.027960
0.028137
0.028620
0.027570
0.068477
0.029826
0.029964
0.068862
0.030486
0.029043
0.028498
0.027994
0.029100
0.028648
0.032420
0.029049
0.028157
0.066998
0.029809
0.029280
0.029909
0.028724
0.028425
0.027917
0.028297
0.033059
0.028459
0.067581
0.029023
0.028041
0.028988
0.067351
0.069268
0.067919
0.069445
0.068208
0.069069
0.067740
0.068367
0.027240
0.027010
0.027438
0.026598
0.026128
0.026200
0.025188
0.025731
0.064252
0.027951
0.027053
0.026802
0.026293
0.026176
0.028538
0.026253
0.025680
0.026558
0.065615
0.026685
0.025870
0.026038
0.025961
0.026208
0.026526
0.026185
0.028488
0.027335
0.065375
0.028251
0.027049
0.027110
0.026231
0.027028
0.026265
0.026666
0.026968
0.031251
0.066924
0.029060
0.026903
0.027964
0.026419
0.026045
0.025445
0.026127
0.026566
0.026192
0.065416
0.027232
0.026479
0.025879
0.026146
0.026083
0.025767
0.025782
0.025955
0.026204
0.065806
0.026707
0.030564
0.027103
0.026891
0.026708
0.026226
0.026695
0.027382
0.027381
0.067606
0.027915
0.026995
0.028088
0.029770
0.027775
0.027289
0.027950
0.026958
0.029059
0.066939
0.027665
0.026977
0.026366
0.026887
0.026841
0.027369
0.027038
0.026612
0.026504
0.066417
0.027414
0.025778
0.026454
0.027857
0.026476
0.026650
0.027610
0.026657
0.028008
0.066361
0.027761
0.027015
0.026854
0.026277
0.025555
0.026418
0.026167
0.026693
0.029972
0.066317
0.027399
0.028023
0.026722
0.027489
0.027154
0.027981
0.028122
0.027545
0.026830
0.067398
0.029930
0.027169
0.027719
0.026931
0.026474
0.026740
0.026000
0.026122
0.026358
0.066611
0.027855
0.027905
0.027603
0.026950
0.028025
0.026802
0.027675
0.027177
0.028142
0.068527
0.028872
0.028058
0.028475
0.027423
0.027357
0.028581
0.027839
0.028836
0.027337
0.067585
0.029014
0.026745
0.026526
0.026855
0.027115
0.026887
0.027110
0.026698
0.027115
0.067121
0.028240
0.027277
0.027138
0.067301
0.068110
0.068069
0.028273
0.026505
0.027025
0.065093
0.027888
0.028726
0.029729
0.027070
0.026933
0.027154
0.026854
0.026395
0.026961
0.065881
0.028045
0.027364
0.026313
0.026777
0.027634
0.026161
0.025974
0.026067
0.025958
0.066285
0.026676
0.025760
0.025978
0.025890
0.025981
0.025410
0.026055
0.027852
0.026274
0.066123
0.027807
0.026292
0.027690
0.026590
0.026811
0.067813
0.070891
0.027310
0.026299
0.066570
0.027517
0.026729
0.027326
0.025590
0.025733
0.025731
0.026006
0.025774
0.067235
0.067832
0.068166
0.067894
0.068537
0.028131
0.027423
0.027034
0.065877
0.027248
0.027794
0.066504
0.028783
0.066638
0.069093
0.068290
0.072522
0.027547
0.027810
0.026260
0.027408
0.067691
0.028972
0.027022
0.027252
0.026609
0.026449
0.026081
0.026340
0.026675
0.026016
0.065692
0.026422
0.026148
0.026281
0.026726
0.026785
0.026687
0.031762
0.026456
0.027375
0.065903
0.028135
0.067227
0.067739
0.067750
0.068780
0.067170
0.067909
0.067716
0.026978
0.065666
0.027144
0.068245
0.028719
0.027916
0.026034
0.025223
0.066748
0.067632
0.068686
0.069059
0.067889
0.068488
0.028803
0.027568
0.027101
0.026653
0.066918
0.027055
0.066398
0.069257
0.027837
0.067211
0.029210
0.027043
0.027017
0.026940
0.027668
0.027043
0.026880
0.066380
0.029032
0.026384
0.026242
0.025823
0.025684
0.025804
0.025975
0.025531
0.025870
0.065055
0.027133
0.025901
0.025637
0.025999
0.026087
0.026469
0.026130
0.025678
0.025904
0.065014
0.026549
0.025529
0.026046
0.027054
0.026300
0.027061
0.026619
0.027494
0.026419
0.067442
0.029088
0.026824
0.031270
0.027111
0.027910
0.026462
0.026490
0.026225
0.027391
0.065861
0.026740
0.026720
0.026417
0.026776
0.026406
0.026485
0.025738
0.025912
0.026462
0.066079
0.028867
0.027960
0.027215
0.027775
0.027572
0.031814
0.027661
0.027143
0.026943
0.067164
0.029722
0.026236
0.026178
0.025832
0.025841
0.025769
0.026152
0.025724
0.025646
0.066247
0.027388
0.026401
0.026180
0.026493
0.026097
0.026246
0.026128
0.025631
0.026081
0.066575
0.034153
0.027693
0.029304
0.029624
0.030105
0.028414
0.028175
0.028232
0.027740
0.067158
0.028527
0.027618
0.028344
0.026703
0.026911
0.026790
0.026498
0.026056
0.026168
0.066653
0.027674
0.026345
0.026232
0.026228
0.026359
0.027420
0.026825
0.027706
0.027392
0.068934
0.028098
0.027831
0.027655
0.027686
0.027340
0.027968
0.027083
0.027968
0.027401
0.067128
0.028081
0.026734
0.028461
0.025981
0.026000
0.026201
0.027522
0.026720
0.026316
0.066371
0.027478
0.026234
0.026440
0.025719
0.026650
0.025784
0.026054
0.025873
0.026408
0.066461
0.028249
0.027674
0.026879
0.027387
0.026972
0.028217
0.028938
0.027615
0.026777
0.067802
0.028445
0.026584
0.026555
0.026051
0.026049
0.025886
0.026332
0.026575
0.026117
0.065897
0.027349
0.026161
0.065861
0.067247
0.027132
0.065663
0.031605
0.065418
0.029166
0.067835
0.069028
0.070122
0.028731
0.027013
0.067114
0.069322
0.067780
0.027062
0.025900
0.064824
0.067586
0.068696
0.026826
0.065202
0.068882
0.066918
0.032615
0.025910
0.064978
0.068409
0.068215
0.067384
0.068538
0.068867
0.068428
0.069683
0.067991
0.067273
0.027305
0.066006
0.027131
0.027052
0.065545
0.068213
0.026778
0.025045
0.025950
0.065896
0.068474
0.068885
0.028389
0.026950
0.069789
0.069371
0.027702
0.066763
0.027200
0.025398
0.025699
0.066036
0.027446
0.026454
0.025464
0.025536
0.025733
0.025750
0.025045
0.025678
0.025838
0.065346
0.027224
0.026080
0.027596
0.025623
0.025748
0.025924
0.026473
0.027161
0.027035
0.067910
0.028423
0.028040
