1.692196
0.042771
0.037633
0.039293
0.083296
0.041304
0.042432
0.044402
0.047061
0.047907
0.098332
0.044480
0.046613
0.044446
0.067809
0.039797
0.038177
0.040647
0.040918
0.068141
0.096402
0.043756
0.046563
0.048711
0.045432
0.058619
0.036912
0.039372
0.047515
0.068188
0.103427
0.055878
0.078405
0.083419
0.080776
0.050098
0.051713
0.088501
0.083604
0.068461
0.126135
0.043764
0.046766
0.062486
0.038608
0.081214
0.086988
0.143822
0.145136
0.133238
0.122314
0.119633
0.071661
0.134664
0.074147
0.132007
0.075310
0.131032
0.071299
0.087871
0.090642
0.096766
0.062651
0.047591
0.048095
0.096060
0.041826
0.077843
0.042518
0.042464
0.087764
0.043565
0.045445
0.046211
0.053341
0.057764
0.066152
0.045851
0.057774
0.048553
0.133544
0.052187
0.049114
0.049284
0.047028
0.046268
0.048229
0.057276
0.041816
0.040600
0.096579
0.045810
0.090735
0.087689
0.095287
0.046735
0.056792
0.038131
0.039754
0.042231
0.099599
0.052267
0.049254
0.049254
0.048631
0.046216
0.114587
0.094589
0.042362
0.048428
0.089404
0.040568
0.044124
0.042011
0.040049
0.070471
0.046528
0.040813
0.041420
0.043329
0.095927
0.047573
0.047600
0.062034
0.081475
0.084277
0.047960
0.057738
0.081256
0.081878
0.145280
0.085780
0.081855
0.071723
0.055165
0.051251
0.064768
0.081656
0.083281
0.054750
0.098576
0.068309
0.084510
0.045467
0.050755
0.082497
0.062186
0.047666
0.067686
0.081671
0.137416
0.079928
0.083668
0.069784
0.051114
0.054752
0.082773
0.065285
0.042654
0.071079
0.133328
0.078199
0.075668
0.044506
0.046084
0.051661
0.045660
0.046626
0.046736
0.059291
0.089503
0.039661
0.073960
0.042928
0.039726
0.041323
0.042761
0.039567
0.041437
0.040879
0.088874
0.046351
0.071460
0.044879
0.046112
0.050133
0.049761
0.049033
0.046109
0.047174
0.090029
0.079579
0.043200
0.042545
0.040628
0.045293
0.052882
0.042806
0.088322
0.092659
0.104781
0.058099
0.036544
0.038116
0.045463
0.038661
0.036139
0.036864
0.040735
0.042445
0.117544
0.067424
0.080194
0.060080
0.045820
0.044760
0.117838
0.119702
0.126508
0.093049
0.093179
0.144810
0.091133
0.096010
0.091898
0.092957
0.041740
0.094123
0.097824
0.140711
0.092235
0.095907
0.096219
0.091685
0.046959
0.094250
0.088894
0.137666
0.094627
0.092691
0.092200
0.052822
0.046480
0.059566
0.044858
0.061657
0.042762
0.049991
0.053428
0.045037
0.092601
0.038724
0.036814
0.038018
0.038934
0.053668
0.041822
0.037699
0.036882
0.038831
0.082394
0.044101
0.046274
0.052972
0.043418
0.044028
0.078042
0.096408
0.044187
0.046560
0.092806
0.043649
0.047130
0.047417
0.043207
0.046178
0.060668
0.038643
0.042132
0.093616
0.096017
0.091908
0.087821
0.099708
0.142979
0.093423
0.095485
0.094779
0.094542
0.095872
0.088569
0.038773
0.074660
0.039864
0.043189
0.097910
0.094243
0.099181
0.041531
0.044766
0.093297
0.076742
0.049654
0.043577
0.042923
0.047443
0.041729
0.042768
0.047046
0.046588
0.094337
0.047397
0.049567
0.039433
0.037846
0.039556
0.043217
0.045804
0.048714
0.048914
0.095570
0.039315
0.079776
0.039971
0.044294
0.048277
0.047016
0.049300
0.048425
0.048548
0.093719
0.040139
0.135433
0.093678
0.100912
0.038303
0.043514
0.040672
0.043094
0.094545
0.092130
0.071258
0.042424
0.041650
0.044582
0.044461
0.047141
0.108747
0.044076
0.044699
0.089017
0.081890
0.042895
0.045107
0.046707
0.049474
0.049823
0.049070
0.047591
0.094697
0.090200
0.129708
0.094411
0.096411
0.100620
0.089318
0.097677
0.046154
0.050395
0.144962
0.103709
0.041349
0.041041
0.039381
0.040802
0.040967
0.042686
0.090518
0.100521
0.067729
0.093393
0.041384
0.041584
0.040349
0.040796
0.041483
0.044380
0.042919
0.043329
0.047184
0.117086
0.042594
0.042796
0.040469
0.040861
0.049855
0.095065
0.047046
0.045116
0.043997
0.117707
0.096306
0.044527
0.092212
0.039512
0.101672
0.051806
0.095431
0.140671
0.091866
0.097902
0.096976
0.044235
0.091100
0.097682
0.047568
0.047097
0.059094
0.098621
0.095508
0.090192
0.092520
0.098903
0.053777
0.051650
0.053128
0.055879
0.043784
0.091180
0.039976
0.090975
0.093139
0.042783
0.096688
0.093948
0.083006
0.044234
0.092178
0.095323
0.098245
0.093993
0.043582
0.123411
0.124013
0.124480
0.097167
0.123327
0.048047
0.047898
0.050732
0.093024
0.090994
0.095887
0.117310
0.046733
0.095116
0.091428
0.098527
0.105906
0.093484
0.109161
0.060093
0.090367
0.097034
0.052074
0.059031
0.094156
0.041200
0.039112
0.090793
0.126981
0.047391
0.048923
0.044863
0.046620
0.045938
0.049570
0.052562
0.049857
0.049277
0.115237
0.045525
0.096100
0.041615
0.044030
0.040482
0.039967
0.039189
0.093416
0.124975
0.097917
0.050927
0.045649
0.045820
0.047642
0.092524
0.093272
0.094828
0.123481
0.048713
0.101629
0.050474
0.046747
0.090018
0.044719
0.047380
0.054400
0.058118
0.039442
0.043267
0.092929
0.124191
0.071205
0.042078
0.044741
0.079335
0.049997
0.047607
0.048886
0.043685
0.096889
0.049145
0.048465
0.048937
0.090142
0.040366
0.092049
0.068641
0.038298
0.039614
0.093873
0.047936
0.046895
0.047103
0.093924
0.094784
0.125256
0.098181
0.095114
0.038370
0.094305
0.042642
0.044007
0.094281
0.070232
0.049805
0.091215
0.040665
0.038753
0.043472
0.089643
0.045017
0.046855
0.048863
0.113093
0.096796
0.044407
0.045504
0.024297
0.056146
0.077581
0.024269
0.097366
0.098925
0.122667
0.049499
0.093273
0.042393
0.094230
0.045850
0.104567
0.045389
0.065847
0.047024
0.049237
0.050675
0.047913
0.045100
0.045590
0.054395
0.091024
0.045532
0.079208
0.046919
0.095793
0.049082
0.050118
0.052395
0.047889
0.097693
0.093236
0.068753
0.041779
0.041445
0.044416
0.103390
0.090789
0.096032
0.096027
0.047048
0.147593
0.096070
0.050841
0.051149
0.051126
0.046057
0.050018
0.048114
0.048937
0.049050
0.110917
0.048193
0.048439
0.049294
0.092556
0.039861
0.039964
0.040140
0.046236
0.079530
0.090130
0.042459
0.046704
0.044953
0.047635
0.093292
0.043390
0.046901
0.066882
0.041902
0.093749
0.046090
0.045141
0.052342
0.053241
0.050798
0.047958
0.047353
0.054530
0.037860
0.084932
0.049581
0.053073
0.050987
0.094570
0.041816
0.041161
0.130316
0.096378
0.094839
0.092845
0.097259
0.098294
0.089845
0.097227
0.062313
0.085655
0.091378
0.051346
0.046182
0.095773
0.048656
0.047111
0.048560
0.136212
0.048812
0.045947
0.047185
0.044199
0.045414
0.090472
0.038973
0.039432
0.043915
0.076268
0.038206
0.039189
0.041217
0.043130
0.046827
0.092220
0.081678
0.075039
0.048175
0.049477
0.073494
0.074616
0.048118
0.057793
0.082942
0.144947
0.046259
0.046215
0.057427
0.047354
0.045145
0.056734
0.039221
0.039643
0.046030
0.088315
0.038310
0.092643
0.068689
0.041085
0.086541
0.084457
0.061457
0.043881
0.043444
0.125628
0.038784
0.066300
0.082663
0.068120
0.043928
0.046743
0.042542
0.060384
0.038487
0.090414
0.093899
0.097200
0.140712
0.138170
0.145399
0.134189
0.131100
0.126014
0.128159
0.126672
0.042356
0.074010
0.040491
0.041587
0.088925
0.038237
0.077089
0.044265
0.050284
0.088113
0.092703
0.047557
0.047001
0.065458
0.039979
0.039630
0.078961
0.055652
0.044848
0.091761
0.049138
0.049549
0.049466
0.053302
0.077366
0.040295
0.052767
0.101923
0.049688
0.092341
0.040248
0.044103
0.042609
0.072354
0.040036
0.043091
0.081769
0.059122
0.039935
0.101578
0.045047
0.050333
0.049423
0.049204
0.047284
0.052837
0.049327
0.055582
0.079801
0.139755
0.073774
0.045879
0.078417
0.052750
0.050185
0.049618
0.049695
0.044585
0.064791
0.099191
0.045498
0.044835
0.047231
0.046364
0.047913
0.049910
0.046007
0.048254
0.048548
0.111328
0.071069
0.082991
0.045224
0.091653
0.084153
0.041697
0.086593
0.076299
0.044502
0.140212
0.040896
0.041913
0.092619
0.095472
0.093138
0.074408
0.140933
0.122466
0.074217
0.134057
0.075761
0.091574
0.043175
0.093586
0.096055
0.089648
0.090928
0.126437
0.097607
0.096720
0.041270
0.091774
0.046500
0.049103
0.094739
0.082429
0.041677
0.045052
0.045091
0.090026
0.039103
0.036369
0.042216
0.043743
0.046386
0.045264
0.054884
0.037970
0.038034
0.089623
0.043620
0.040194
0.037095
0.037347
0.039263
0.039452
0.060746
0.042555
0.042939
0.093542
0.047281
0.054205
0.047506
0.057200
0.042660
0.045746
0.045314
0.054158
0.042274
0.086417
0.044167
0.050732
0.045960
0.048673
0.048304
0.047989
0.048237
0.046848
0.039692
0.098064
0.042380
0.042813
0.044843
0.045647
0.047755
0.046244
0.045948
0.054771
0.038654
0.085308
0.041651
0.042682
0.040086
0.041981
0.042369
0.045438
0.046725
0.056802
0.042285
0.095468
0.049184
0.042909
0.048485
0.048613
0.052139
0.054462
0.059239
0.039688
0.039130
0.085267
0.043958
0.043880
0.048352
0.052023
0.047606
0.045278
0.048306
0.058020
0.040274
0.087475
0.043301
0.041435
0.049442
0.047676
0.047579
0.046838
0.064085
0.044305
0.041061
0.090101
0.043958
0.042983
0.041481
0.050296
0.049178
0.046801
0.053182
0.049193
0.049687
0.094480
0.040633
0.040406
0.043193
0.044039
0.046027
0.068397
0.043877
0.045649
0.042449
0.088293
0.041018
0.044050
0.045213
0.054777
0.046371
0.047568
0.057545
0.037630
0.038918
0.088814
0.041317
0.046641
0.042387
0.038404
0.046769
0.042004
0.074554
0.042150
0.041116
0.087977
0.035989
0.041877
0.041544
0.043600
0.046151
0.045212
0.058171
0.038094
0.040119
0.092538
0.041395
0.044351
0.042394
0.043150
0.048334
0.046934
0.059131
0.039146
0.038257
0.088600
0.040970
0.037506
0.039750
0.044192
0.045809
0.045350
0.047810
0.053771
0.038044
0.087610
0.039208
0.037928
0.038003
0.038972
0.085539
0.113575
0.141094
0.039408
0.089259
0.096896
0.054185
0.095047
0.092916
0.041064
0.095172
0.119591
0.050465
0.047724
0.047888
0.092983
0.097981
0.045938
0.047489
0.049414
0.059960
0.037444
0.043199
0.042009
0.043128
0.093124
0.051392
0.049533
0.047496
0.054927
0.043458
0.042756
0.040092
0.040255
0.039280
0.092638
0.044049
0.043423
0.045719
0.055728
0.051759
0.041931
0.042578
0.039948
0.044676
0.089059
0.088174
0.049122
0.093594
0.068812
0.040500
0.037922
0.038600
0.042675
0.043009
0.089414
0.095190
0.094855
0.074587
0.045319
0.045258
0.045041
0.054766
0.044610
0.044146
0.092076
0.041427
0.038181
0.132564
0.045250
0.043565
0.049003
0.043784
0.039694
0.040241
0.096489
0.050181
0.046081
0.057249
0.040279
0.041098
0.039843
0.037488
0.039212
0.041104
0.094954
0.046443
0.062782
0.046645
0.044239
0.041580
0.041985
0.047390
0.062238
0.047046
0.088903
0.042038
0.074789
0.038074
0.039330
0.039772
0.041146
0.044401
0.045103
0.048054
0.097342
0.040705
0.077932
0.044848
0.042275
0.047677
0.043053
0.045168
0.045642
0.050520
0.090940
0.038959
0.087670
0.092686
0.041722
0.091224
0.096243
0.050732
0.051368
0.046791
0.090421
0.080279
0.086716
0.041204
0.043356
0.046580
0.046623
0.092535
0.089304
0.043074
0.123135
0.039757
0.042577
0.042119
0.044230
0.045439
0.049610
0.049732
0.046803
0.047486
0.110363
0.047327
0.049767
0.048418
0.047994
0.052570
0.047661
0.048431
0.046559
0.050054
0.111081
0.043661
0.043362
0.042573
0.046523
0.045943
0.047496
0.049325
0.047630
0.047931
0.111195
0.045103
0.045584
0.099756
0.094318
0.042280
0.088547
0.043758
0.043672
0.117839
0.094809
0.046904
0.097295
0.053972
0.040528
0.043353
0.046667
0.046779
0.045580
0.057918
0.085648
0.041059
0.046094
0.042191
0.044242
0.043391
0.044253
0.048028
0.046354
0.061711
0.088724
0.044821
0.042283
0.040993
0.041072
0.040603
0.042580
0.050984
0.042980
0.070463
0.087394
0.042710
0.041444
0.041174
0.039645
0.039165
0.037767
0.037183
0.046364
0.077437
0.092906
0.038958
0.040457
0.044943
0.046242
0.046098
0.048400
0.048865
0.048929
0.049535
0.114629
0.042163
0.040920
0.074974
0.043033
0.040672
0.043447
0.045553
0.044818
0.047907
0.123920
0.064124
0.054252
0.046292
0.077601
0.058497
0.042257
0.070631
0.069395
0.045662
0.093993
0.045817
0.047141
0.058532
0.045312
0.043890
0.038988
0.037746
0.040822
0.037151
0.086802
0.043458
0.042034
0.044673
0.067783
0.041909
0.043767
0.047469
0.048153
0.047382
0.091879
0.041197
0.046355
0.045529
0.067546
0.036688
0.041214
0.040848
0.077330
0.043267
0.143080
0.041996
0.041476
0.066976
0.045711
0.060018
0.083944
0.061243
0.041218
0.078434
0.136609
0.043680
0.047119
0.057940
0.038741
0.085700
0.044480
0.074517
0.049999
0.054178
0.090693
0.039956
0.038377
0.038621
0.052141
0.049447
0.059057
0.046442
0.055518
0.040119
0.089977
0.044238
0.043939
0.043745
0.043008
0.060247
0.045860
0.055395
0.050106
0.043968
0.094852
0.049594
0.050722
0.054712
0.050173
0.051049
0.049134
0.121927
0.041751
0.044031
0.092763
0.047051
0.048072
0.059381
0.050000
0.052755
0.045184
0.049888
0.052406
0.048897
0.093737
0.047154
0.047093
0.051827
0.047175
0.054898
0.062391
0.063001
0.047541
0.046011
0.096022
0.050665
0.097406
0.040001
0.043798
0.041500
0.042944
0.074672
0.096528
0.043831
0.094814
0.048214
0.044989
0.044928
0.047325
0.046799
0.049773
0.053508
0.039826
0.043619
0.090188
0.041573
0.041632
0.038839
0.043231
0.042586
0.045624
0.045751
0.056607
0.038096
0.086055
0.042321
0.041079
0.040728
0.040235
0.090722
0.044548
0.047265
0.063576
0.040057
0.090126
0.037771
0.041961
0.047047
0.047673
0.046936
0.052028
0.046989
0.050804
0.050712
0.097471
0.046416
0.048068
0.044925
0.047620
0.048527
0.046184
0.057343
0.046506
0.055578
0.089578
0.098020
0.095410
0.089602
0.094565
0.093325
0.090770
0.128849
0.089878
0.097294
0.091910
0.091651
0.042950
0.043168
0.042002
0.042938
0.065131
0.037429
0.039594
0.041075
0.090054
0.042363
0.043310
0.040130
0.039322
0.044775
0.064672
0.040341
0.038636
0.045507
0.084309
0.097404
0.096927
0.044498
0.095455
0.118170
0.095710
0.092552
0.097756
0.042593
0.099434
0.048862
0.046904
0.044327
0.054004
0.039596
0.039474
0.040704
0.038594
0.039194
0.085526
0.037514
0.038125
0.037321
0.054389
0.096655
0.093075
0.041689
0.093733
0.040126
0.092158
0.098219
0.094156
0.133296
0.091970
0.043681
0.045924
0.092199
0.040607
0.090950
0.096011
0.123491
0.046851
0.093054
0.094151
0.092065
0.096066
0.095112
0.095246
0.088869
0.125237
0.041485
0.094396
0.092030
0.088933
0.091457
0.044949
0.096266
0.146013
0.097675
0.095866
0.089997
0.091929
0.094127
0.089774
0.095606
0.068201
0.094556
0.053929
0.055195
0.092501
0.051787
0.041161
0.042073
0.094344
0.067114
0.040867
0.037426
0.041020
0.040289
0.088076
0.094798
0.094521
0.044590
0.137085
0.044024
0.070279
0.073098
0.029072
0.067782
0.069588
0.028801
0.027255
0.032694
0.028135
0.027232
0.027164
0.074911
0.068808
0.028293
0.070553
0.082768
0.043349
0.034518
0.073441
0.034424
0.074549
0.045762
0.033282
0.038334
0.090644
0.038432
0.032818
0.081638
0.042620
0.038007
0.038725
0.062748
0.074136
0.110324
0.207985
0.110482
0.198774
0.117299
0.108701
0.109074
0.134453
0.038319
0.049119
0.041008
0.089746
0.054354
0.044419
0.048250
0.095765
0.071523
0.038216
0.043516
0.041152
0.091369
0.097106
0.100571
0.038695
0.040180
0.081525
0.040759
0.090649
0.092730
0.052294
0.043533
0.093398
0.046751
0.047114
0.051688
0.049285
0.042264
0.038636
0.043413
0.044233
0.037930
0.091385
0.046769
0.052386
0.053782
0.057450
0.040288
0.042124
0.042723
0.044919
0.045177
0.091471
0.040330
0.042873
0.053343
0.064016
0.041669
0.041399
0.047174
0.089638
0.049090
0.100137
0.040071
0.047364
0.058472
0.045405
0.044601
0.044061
0.045126
0.045771
0.048749
0.099844
0.038394
0.046523
0.078638
0.043003
0.048112
0.047215
0.051951
0.043940
0.045750
0.096280
0.039531
0.039967
0.077883
0.046242
0.045302
0.048812
0.047146
0.047600
0.045957
0.089103
0.041316
0.042268
0.084900
0.043662
0.046373
0.048396
0.054931
0.046962
0.049337
0.090363
0.042251
0.037232
0.079816
0.074517
0.049936
0.046361
0.052800
0.038560
0.040858
0.127267
0.072460
0.083820
0.073493
0.055405
0.050919
0.041694
0.042070
0.043632
0.045757
0.099081
0.045504
0.052489
0.041506
0.073311
0.050446
0.047630
0.049697
0.052640
0.048582
0.091932
0.041339
0.041513
0.041946
0.070292
0.038066
0.038253
0.044191
0.044198
0.045873
0.093514
0.043694
0.041445
0.047933
0.061100
0.039480
0.040035
0.043070
0.041888
0.045114
0.101248
0.045835
0.042269
0.043015
0.067577
0.042044
0.038353
0.040571
0.040446
0.044005
0.091813
0.040565
0.039049
