1.696678
0.045626
0.045359
0.044417
0.058620
0.039474
0.041455
0.048055
0.047689
0.047811
0.092033
0.036408
0.040463
0.041002
0.079775
0.043473
0.040061
0.042976
0.041291
0.041000
0.090565
0.047614
0.039846
0.039421
0.079207
0.048678
0.050213
0.045986
0.046404
0.045965
0.104894
0.040247
0.044606
0.044686
0.064857
0.040337
0.040735
0.044720
0.044758
0.040281
0.094183
0.051652
0.051445
0.047557
0.054389
0.043650
0.043482
0.038326
0.042402
0.040857
0.092744
0.047039
0.048631
0.057783
0.047359
0.038474
0.044651
0.039564
0.038829
0.037425
0.089381
0.042182
0.044336
0.047412
0.060013
0.041117
0.040268
0.064860
0.044734
0.046079
0.094106
0.039897
0.044380
0.078211
0.039690
0.042754
0.047536
0.046044
0.046807
0.049521
0.093003
0.042809
0.040438
0.070644
0.039454
0.044210
0.047137
0.044960
0.048678
0.047572
0.094241
0.042647
0.047432
0.047824
0.057874
0.039701
0.041547
0.041952
0.048441
0.040432
0.089525
0.043850
0.046560
0.044330
0.064674
0.041095
0.033424
0.027051
0.028135
0.030297
0.074583
0.032471
0.030546
0.027977
0.027460
0.027652
0.027153
0.027058
0.027646
0.029450
0.065842
0.028302
0.027415
0.026684
0.028736
0.027280
0.026890
0.026329
0.027198
0.042664
0.117873
0.046500
0.032773
0.032104
0.033332
0.032568
0.033575
0.035833
0.033294
0.032473
0.079455
0.042673
0.033639
0.038217
0.040898
0.041463
0.045562
0.041169
0.051192
0.074693
0.209402
0.106315
0.113528
0.108595
0.118146
0.109692
0.111206
0.086115
0.042078
0.044016
0.092255
0.046211
0.047400
0.047344
0.048463
0.047688
0.060192
0.048774
0.040808
0.047280
0.086519
0.041633
0.044254
0.041571
0.043884
0.093894
0.070203
0.049173
0.052483
0.065954
0.086753
0.043369
0.043078
0.050024
0.092563
0.138829
0.091088
0.091143
0.095255
0.107217
0.094574
0.094954
0.093745
0.143903
0.041181
0.088319
0.039260
0.092618
0.097011
0.129822
0.138809
0.101012
0.118155
0.121744
0.120630
0.094754
0.114867
0.091190
0.120286
0.090813
0.122404
0.046138
0.064907
0.079207
0.083382
0.052652
0.052959
0.048707
0.049659
0.052787
0.093231
0.044504
0.044495
0.043497
0.064863
0.041099
0.042810
0.043611
0.043755
0.046268
0.092000
0.042556
0.051126
0.046287
0.137788
0.048360
0.046362
0.046733
0.045557
0.048944
0.091700
0.049157
0.041204
0.037238
0.072349
0.048479
0.051616
0.052927
0.074107
0.076291
0.098417
0.039118
0.036773
0.038961
0.039929
0.086547
0.045427
0.044483
0.049453
0.048361
0.093654
0.083174
0.069109
0.049332
0.049229
0.055400
0.041179
0.041512
0.039590
0.039396
0.089804
0.047464
0.042759
0.040586
0.042241
0.039902
0.075616
0.048283
0.091312
0.099354
0.098313
0.092875
0.092359
0.094800
0.123778
0.093854
0.098128
0.093336
0.055827
0.098740
0.092627
0.095008
0.095162
0.131070
0.096698
0.100931
0.094176
0.098073
0.089361
0.095554
0.096169
0.122396
0.093930
0.094510
0.092824
0.093693
0.101095
0.089745
0.096494
0.119123
0.098354
0.045762
0.050485
0.050359
0.044824
0.044794
0.047994
0.054431
0.047583
0.056275
0.090121
0.042665
0.042814
0.042145
0.042205
0.043137
0.041512
0.042616
0.043184
0.068825
0.087720
0.045474
0.039378
0.040297
0.044456
0.049139
0.050569
0.046600
0.052252
0.046407
0.111813
0.052113
0.045193
0.043128
0.048877
0.046881
0.042331
0.042516
0.063866
0.080317
0.145276
0.038571
0.040657
0.039229
0.040871
0.039244
0.036888
0.035581
0.038480
0.085617
0.130935
0.093149
0.093250
0.042979
0.092297
0.125551
0.127469
0.076935
0.084718
0.068108
0.125484
0.048253
0.073305
0.081898
0.056819
0.045552
0.078013
0.043353
0.083897
0.067970
0.106509
0.059258
0.085890
0.079822
0.047621
0.057094
0.079996
0.047260
0.069194
0.044056
0.117437
0.075345
0.077072
0.052833
0.058211
0.080372
0.045109
0.045086
0.044958
0.045128
0.091001
0.039168
0.047361
0.049950
0.051243
0.049658
0.056673
0.040568
0.043307
0.047758
0.092388
0.041694
0.040831
0.038817
0.041408
0.074676
0.042711
0.044446
0.047274
0.047618
0.097251
0.045263
0.074242
0.041152
0.045151
0.073614
0.051172
0.048869
0.047968
0.046700
0.094194
0.039450
0.040756
0.042467
0.082170
0.068808
0.051286
0.063974
0.075703
0.078469
0.110089
0.054592
0.082306
0.069441
0.049164
0.064720
0.084376
0.069016
0.047259
0.064301
0.091637
0.045813
0.047502
0.055928
0.069686
0.074883
0.068448
0.044376
0.048173
0.049989
0.111547
0.044595
0.049157
0.049294
0.067019
0.039628
0.042352
0.051567
0.044711
0.075105
0.097157
0.039810
0.043115
0.046205
0.046731
0.050828
0.047766
0.049818
0.053823
0.051553
0.091750
0.045145
0.049066
0.049489
0.046796
0.048498
0.048792
0.049474
0.051193
0.053457
0.096313
0.061396
0.083354
0.062927
0.043519
0.046393
0.048679
0.045962
0.052274
0.057946
0.134433
0.046933
0.048964
0.049367
0.049849
0.047728
0.074377
0.048640
0.049925
0.055006
0.103448
0.048356
0.050625
0.045709
0.050209
0.048386
0.049138
0.046741
0.064554
0.057158
0.118145
0.075079
0.082942
0.082600
0.049644
0.054137
0.077622
0.086308
0.043921
0.045237
0.143014
0.052554
0.058332
0.044415
0.045823
0.042314
0.045309
0.048474
0.050607
0.060171
0.129606
0.050297
0.069385
0.041490
0.041003
0.042521
0.049184
0.045309
0.046750
0.047929
0.093303
0.080729
0.042619
0.041792
0.046104
0.042615
0.042416
0.079971
0.044850
0.041632
0.085578
0.077008
0.068690
0.048589
0.052474
0.055471
0.043108
0.078613
0.054611
0.076674
0.131968
0.048364
0.064846
0.083071
0.062828
0.050237
0.044750
0.075499
0.082157
0.049298
0.090515
0.038264
0.079711
0.068023
0.051153
0.061793
0.076259
0.084197
0.050641
0.049639
0.099864
0.049626
0.057292
0.060039
0.041553
0.079777
0.087816
0.041597
0.081952
0.056488
0.100748
0.044562
0.044905
0.069830
0.084305
0.077160
0.048849
0.057250
0.094712
0.118057
0.127912
0.070437
0.134026
0.080017
0.042833
0.044681
0.047043
0.050589
0.052497
0.072474
0.136335
0.079053
0.042309
0.064036
0.052370
0.075753
0.083790
0.051861
0.060484
0.078490
0.145523
0.041892
0.079290
0.084666
0.048651
0.049722
0.048526
0.063407
0.045955
0.040045
0.140249
0.068058
0.043707
0.047060
0.043338
0.044074
0.046875
0.047375
0.054345
0.045911
0.093554
0.080919
0.042353
0.060113
0.045667
0.044155
0.042535
0.042061
0.039506
0.043606
0.122673
0.075408
0.078176
0.047349
0.045709
0.048753
0.051320
0.057867
0.053593
0.063311
0.136149
0.080668
0.044998
0.076241
0.047991
0.045967
0.046054
0.058877
0.038680
0.044685
0.091199
0.040338
0.040014
0.042670
0.128863
0.125154
0.044548
0.044093
0.098255
0.047629
0.091611
0.038744
0.038352
0.082548
0.048834
0.047673
0.050253
0.048062
0.053500
0.040938
0.126671
0.041447
0.041757
0.036510
0.083392
0.043992
0.045432
0.045810
0.048993
0.056091
0.132564
0.076988
0.076754
0.050628
0.059584
0.040669
0.078855
0.042944
0.041354
0.066794
0.094709
0.047128
0.049582
0.039926
0.038492
0.038666
0.039378
0.084206
0.042441
0.042717
0.091565
0.082072
0.068920
0.045473
0.047743
0.049581
0.052835
0.082231
0.043589
0.078623
0.135815
0.080281
0.044130
0.054912
0.044783
0.039183
0.077283
0.042080
0.072180
0.050826
0.092897
0.040809
0.043662
0.044429
0.050074
0.049185
0.049462
0.047064
0.046390
0.060679
0.089284
0.043022
0.036944
0.076013
0.051521
0.055706
0.047293
0.047626
0.045018
0.057091
0.130300
0.043366
0.043274
0.053898
0.052277
0.064137
0.080062
0.088217
0.074140
0.051520
0.115360
0.048224
0.083597
0.045099
0.045338
0.047329
0.052075
0.046047
0.047009
0.055033
0.093418
0.080387
0.044315
0.042365
0.046036
0.048494
0.056478
0.038604
0.040919
0.039784
0.089469
0.046830
0.061811
0.038626
0.039580
0.046925
0.041765
0.048212
0.049466
0.037271
0.085052
0.042736
0.039836
0.079123
0.042789
0.042265
0.044930
0.050668
0.048492
0.048538
0.094246
0.040906
0.042793
0.064932
0.040191
0.044719
0.049226
0.069416
0.041206
0.037781
0.090432
0.072675
0.081789
0.055491
0.048217
0.073910
0.082191
0.045321
0.055311
0.077365
0.140818
0.047202
0.066043
0.079786
0.044083
0.044381
0.078995
0.050960
0.049295
0.049241
0.135795
0.051001
0.051309
0.047884
0.047121
0.048999
0.048188
0.056865
0.040036
0.040493
0.086975
0.041846
0.047077
0.042966
0.055095
0.047035
0.056422
0.095685
0.095262
0.092174
0.091438
0.094388
0.091915
0.092546
0.098363
0.064643
0.040872
0.042191
0.056168
0.046954
0.096384
0.042099
0.043728
0.048057
0.047102
0.058366
0.039164
0.132204
0.041656
0.093176
0.094584
0.095869
0.043684
0.091882
0.070129
0.082673
0.094103
0.100698
0.042744
0.041366
0.087877
0.042230
0.042424
0.070676
0.085700
0.077940
0.131190
0.140045
0.129321
0.096281
0.122903
0.121259
0.128531
0.127418
0.073241
0.099944
0.043771
0.044354
0.043289
0.063535
0.091063
0.046039
0.047670
0.044485
0.057468
0.075135
0.045660
0.098817
0.039557
0.038926
0.094024
0.095063
0.040713
0.079695
0.048053
0.043261
0.091590
0.090765
0.042618
0.040887
0.115676
0.046239
0.048088
0.059247
0.041768
0.039394
0.087252
0.040352
0.045711
0.094198
0.090416
0.041993
0.083781
0.041486
0.047662
0.045218
0.044286
0.046147
0.044920
0.092589
0.092043
0.096078
0.118472
0.051639
0.108281
0.045391
0.045452
0.050164
0.042496
0.046520
0.094629
0.069899
0.048564
0.046170
0.047666
0.048005
0.055511
0.054304
0.049299
0.047306
0.093653
0.131926
0.094232
0.049602
0.047833
0.119248
0.043198
0.041764
0.127918
0.043003
0.097754
0.061592
0.038721
0.036691
0.081041
0.046589
0.049720
0.130056
0.100416
0.120329
0.125311
0.091691
0.125080
0.043090
0.073685
0.049567
0.086910
0.071175
0.050459
0.058079
0.129201
0.075472
0.079372
0.048875
0.056035
0.039249
0.080706
0.041636
0.045679
0.051450
0.105789
0.045963
0.048466
0.048415
0.066041
0.042665
0.042633
0.049619
0.048075
0.048492
0.094664
0.042909
0.044291
0.052118
0.065262
0.042026
0.043073
0.042820
0.042170
0.044194
0.094580
0.037831
0.043065
0.082579
0.043149
0.048374
0.050040
0.051833
0.048897
0.047284
0.094107
0.041209
0.045789
0.070115
0.041867
0.042142
0.045549
0.047240
0.049833
0.045276
0.089583
0.044601
0.044029
0.071604
0.042473
0.041026
0.043427
0.044457
0.047143
0.047702
0.090367
0.041578
0.044053
0.067920
0.039526
0.038563
0.040241
0.040888
0.037834
0.041238
0.090291
0.037385
0.037550
0.075068
0.053014
0.047030
0.046466
0.048400
0.051037
0.050157
0.092266
0.045195
0.040653
0.067330
0.042072
0.040222
0.047590
0.053734
0.046117
0.049011
0.092788
0.040895
0.040252
0.085528
0.040118
0.039754
0.045108
0.047441
0.053991
0.047059
0.090915
0.038171
0.037917
0.083117
0.041368
0.042097
0.039211
0.049404
0.046642
0.045748
0.088623
0.038529
0.043983
0.051036
0.055019
0.037473
0.038081
0.040569
0.040679
0.043968
0.090179
0.044750
0.039098
0.041481
0.077119
0.041871
0.038196
0.040845
0.050694
0.045280
0.089637
0.042955
0.045616
0.048124
0.060476
0.041990
0.041927
0.041193
0.040465
0.041650
0.092010
0.042995
0.046129
0.045157
0.063810
0.036480
0.038355
0.044204
0.039897
0.045104
0.088620
0.040103
0.039924
0.040915
0.078235
0.041412
0.042265
0.041853
0.040560
0.044327
0.089824
0.044135
0.039277
0.037729
0.079878
0.049036
0.044475
0.047283
0.048475
0.050038
0.096262
0.042512
0.044379
0.070837
0.043823
0.043745
0.043047
0.040843
0.068662
0.070470
0.124616
0.047551
0.043560
0.068796
0.082250
0.050191
0.051631
0.054250
0.084293
0.040287
0.138925
0.078868
0.044240
0.049920
0.047935
0.055629
0.044627
0.083801
0.040725
0.043110
0.090837
0.039678
0.038119
0.052137
0.038275
0.043090
0.081038
0.047109
0.052585
0.044040
0.091674
0.039825
0.041868
0.040300
0.041027
0.042116
0.081968
0.048171
0.041552
0.043552
0.092341
0.041323
0.044467
0.039529
0.037557
0.039759
0.061594
0.043788
0.080290
0.037006
0.134387
0.042232
0.043273
0.042475
0.045644
0.048327
0.047003
0.061936
0.078712
0.063426
0.099515
0.049416
0.049644
0.048661
0.048923
0.048888
0.047934
0.049366
0.058069
0.041609
0.091697
0.069924
0.039532
0.039553
0.047851
0.048977
0.038298
0.039621
0.090615
0.047155
0.090736
0.039362
0.041252
0.040745
0.040794
0.038324
0.038511
0.038749
0.074298
0.047348
0.093600
0.043779
0.045417
0.044204
0.041647
0.043623
0.054138
0.048623
0.055298
0.048922
0.089696
0.043794
0.045622
0.043524
0.045563
0.046516
0.048418
0.058873
0.056789
0.057268
0.094506
0.046151
0.047818
0.053810
0.047768
0.047504
0.047003
0.048742
0.058488
0.045027
0.099126
0.051133
0.056970
0.039698
0.082482
0.084923
0.047171
0.053527
0.047911
0.047553
0.112645
0.043649
0.067354
0.039747
0.039764
0.043586
0.044778
0.061430
0.048798
0.068274
0.093539
0.071185
0.040485
0.039465
0.038341
0.043653
0.044088
0.045445
0.048578
0.046883
0.097135
0.080431
0.043841
0.044730
0.051621
0.047005
0.061994
0.045599
0.045348
0.046586
0.099810
0.082923
0.042317
0.041633
0.040202
0.042341
0.042442
0.045164
0.045804
0.047491
0.092024
0.080620
0.041200
0.057506
0.084970
0.063357
0.046899
0.047609
0.063758
0.040696
0.091839
0.076483
0.083781
0.043600
0.065712
0.055739
0.044263
0.046357
0.050935
0.049584
0.094021
0.042681
0.071896
0.037925
0.048977
0.039620
0.044049
0.041919
0.039944
0.050350
0.092874
0.045041
0.073536
0.040545
0.041051
0.039246
0.041075
0.039698
0.041192
0.042360
0.090618
0.047909
0.067158
0.047479
0.042868
0.042285
0.039997
0.038403
0.039368
0.039622
0.101975
0.055679
0.048766
0.044684
0.048092
0.049632
0.050362
0.048175
0.053632
0.045718
0.095121
0.081906
0.042755
0.092510
0.044585
0.044811
0.047846
0.046969
0.050740
0.094216
0.136270
0.099055
0.093013
0.094098
0.089357
0.094307
0.040795
0.068693
0.051654
0.045492
0.091501
0.039338
0.042695
0.039292
0.039180
0.036276
0.043674
0.065355
0.041839
0.038532
0.091428
0.048095
0.050027
0.049115
0.044792
0.044637
0.058698
0.041392
0.039250
0.038048
0.086341
0.042191
0.041567
0.038142
0.091375
0.047549
0.127046
0.042426
0.043476
0.093333
0.092015
0.092480
0.094175
0.097100
0.115459
0.063293
0.101369
0.041959
0.093594
0.045616
0.094093
0.046590
0.050229
0.047612
0.055977
0.038309
0.043869
0.058801
0.050669
0.049534
0.093231
0.041892
0.042312
0.073421
0.041367
0.039281
0.039005
0.038065
0.039750
0.046930
0.089511
0.040588
0.039865
0.085377
0.046916
0.047120
0.047449
0.047291
0.048121
0.049040
0.148318
0.042617
0.042259
0.082101
0.041985
0.044033
0.052081
0.046440
0.046417
0.047810
0.093301
0.038021
0.038671
0.082866
0.042957
0.040898
0.045016
0.048108
0.050037
0.059746
0.092554
0.041203
0.046580
0.080702
0.046839
0.047318
0.056972
0.040781
0.039812
0.041171
0.093661
0.047278
0.061448
0.041558
0.083581
0.046075
0.046953
0.046958
0.045467
0.044551
0.090022
0.043351
0.049101
0.051051
0.055389
0.040480
0.043158
0.043893
0.048784
0.049435
0.095442
0.041150
0.041899
0.067637
0.039151
0.040016
0.044694
0.040925
0.080864
0.040959
0.090664
0.050447
0.052408
0.057163
0.050489
0.048946
0.049120
0.050639
0.047133
0.049816
0.090346
0.037113
0.077702
0.048032
0.047441
0.043931
0.043545
0.044023
0.050213
0.045669
0.098703
0.043241
0.073575
0.080533
0.049221
0.065825
0.077401
0.083493
0.067916
0.050208
0.113689
0.071418
0.079543
0.075845
0.050946
0.056890
0.092892
0.039811
0.041443
0.040578
0.085853
0.044923
0.044023
0.046530
0.052291
0.054895
0.038632
0.037978
0.040757
0.041039
0.085804
0.040341
0.043774
0.045105
0.045088
0.068795
0.084447
0.045135
0.053170
0.037787
0.135133
0.077296
0.084718
0.058091
0.046529
0.079473
0.039785
0.076152
0.053715
0.047587
0.093097
0.040193
0.044940
0.042692
0.041989
0.040390
0.043635
0.063981
0.043107
0.043187
0.094904
0.086088
0.067526
0.048352
0.052223
0.056069
0.040773
0.079035
0.088187
0.062337
0.097099
0.064892
0.079850
0.043213
0.045575
0.053841
0.052776
0.044557
0.071654
0.082916
0.153128
0.044665
0.079768
0.076519
0.052135
0.061067
0.075665
0.080296
0.055727
0.049727
0.124608
0.073658
0.041125
0.082578
0.057976
0.047069
0.075226
0.080937
0.043129
0.078087
0.119588
0.042598
0.070738
0.068270
0.044881
0.062900
0.080415
0.066220
0.046948
0.061712
0.133262
0.039682
0.079403
0.046188
0.047930
0.052475
0.050076
0.046244
0.041244
0.043929
0.136679
0.042078
0.041195
0.041811
0.041914
0.041224
0.071457
0.085259
0.068313
0.041403
0.095714
0.064500
0.038821
