1.675255
0.051936
0.045330
0.044573
0.065096
0.042639
0.043323
0.042312
0.038413
0.040408
0.088516
0.042184
0.039275
0.044346
0.071675
0.041069
0.045063
0.048120
0.048148
0.045793
0.098791
0.043782
0.044111
0.042027
0.077643
0.041251
0.041841
0.045831
0.051594
0.053792
0.087735
0.045781
0.044313
0.053069
0.065577
0.043592
0.038510
0.038485
0.040314
0.040928
0.091915
0.049680
0.054795
0.050750
0.055425
0.043035
0.041712
0.053081
0.046146
0.042172
0.087294
0.044485
0.042109
0.050928
0.057800
0.042923
0.046484
0.048811
0.046179
0.061111
0.089019
0.043979
0.042540
0.043967
0.068085
0.042840
0.041546
0.042922
0.043299
0.047727
0.093178
0.039823
0.044223
0.077999
0.043884
0.038259
0.041581
0.039181
0.043704
0.047649
0.090445
0.037162
0.043880
0.085366
0.040693
0.042359
0.042522
0.042351
0.051769
0.045573
0.084761
0.044387
0.045098
0.065534
0.039453
0.041951
0.044483
0.052173
0.041977
0.052615
0.096191
0.049089
0.047237
0.048381
0.057753
0.041012
0.042126
0.044290
0.044435
0.057621
0.091758
0.048201
0.049224
0.065320
0.038098
0.052103
0.042015
0.039096
0.039161
0.039551
0.089519
0.045932
0.046708
0.059830
0.037961
0.039618
0.039962
0.040316
0.043931
0.044549
0.094308
0.037315
0.039425
0.076329
0.037580
0.040470
0.043750
0.042464
0.043086
0.069669
0.091921
0.041161
0.043452
0.066031
0.039264
0.040749
0.039947
0.038704
0.038961
0.040663
0.090886
0.044653
0.046824
0.062549
0.045292
0.042472
0.046425
0.050700
0.048653
0.046296
0.088143
0.042451
0.040577
0.084912
0.049061
0.048110
0.044003
0.053773
0.052602
0.041443
0.089485
0.041253
0.039462
0.048789
0.077701
0.040026
0.041014
0.046636
0.042950
0.038507
0.087240
0.095533
0.095083
0.144802
0.093243
0.095221
0.094904
0.093377
0.093086
0.091858
0.091451
0.069962
0.038239
0.037572
0.043350
0.052998
0.043653
0.041860
0.091084
0.093660
0.125838
0.098082
0.094825
0.097749
0.095007
0.095545
0.096788
0.090853
0.076586
0.089438
0.097624
0.104114
0.091402
0.048553
0.047741
0.048702
0.047048
0.051867
0.039351
0.037952
0.093349
0.052131
0.047477
0.046047
0.044811
0.048125
0.046827
0.052603
0.038864
0.043285
0.086920
0.042640
0.094282
0.051362
0.092717
0.042336
0.127896
0.044468
0.044719
0.048564
0.090640
0.094469
0.046350
0.046427
0.048811
0.055178
0.042828
0.045880
0.043226
0.049820
0.091859
0.040133
0.039092
0.041797
0.075489
0.051409
0.045809
0.047491
0.047095
0.044000
0.091408
0.050701
0.048625
0.056174
0.047012
0.095059
0.090949
0.099249
0.097254
0.091922
0.095033
0.062510
0.054595
0.040249
0.043993
0.040610
0.039246
0.039448
0.089767
0.094740
0.094811
0.133895
0.094666
0.046963
0.095085
0.091039
0.098516
0.050279
0.046080
0.047658
0.102932
0.043202
0.042649
0.043614
0.045433
0.044456
0.060014
0.047240
0.044895
0.047784
0.111246
0.045256
0.047498
0.048109
0.048697
0.045012
0.045646
0.044672
0.045002
0.047999
0.100063
0.040573
0.098087
0.052232
0.048182
0.049400
0.047223
0.049184
0.045366
0.045950
0.100879
0.039320
0.042892
0.089768
0.042533
0.041939
0.040642
0.039770
0.040190
0.039197
0.128523
0.092243
0.095195
0.092141
0.104126
0.095516
0.094254
0.087482
0.131495
0.093538
0.104696
0.092115
0.097273
0.095757
0.090964
0.093187
0.074465
0.092413
0.096951
0.094635
0.131647
0.047266
0.075594
0.081733
0.056676
0.102871
0.121222
0.125743
0.076018
0.080932
0.145784
0.069988
0.044253
0.066482
0.083091
0.078186
0.049921
0.109471
0.123783
0.125217
0.124265
0.045656
0.045827
0.048504
0.094286
0.101645
0.138090
0.130428
0.121123
0.048570
0.133220
0.044381
0.073268
0.084188
0.047711
0.056676
0.080492
0.046546
0.047831
0.058949
0.096947
0.063315
0.042671
0.037812
0.043085
0.043582
0.041486
0.091413
0.046220
0.065082
0.093579
0.097548
0.090825
0.090557
0.097029
0.093251
0.091641
0.125311
0.093316
0.099169
0.097160
0.095493
0.099109
0.049580
0.092131
0.078702
0.095660
0.052549
0.050173
0.047094
0.096523
0.043757
0.088972
0.093620
0.071959
0.094489
0.100808
0.047332
0.099475
0.094475
0.098528
0.052302
0.053214
0.059259
0.041499
0.100409
0.096946
0.048143
0.094935
0.093673
0.096809
0.147063
0.100027
0.090362
0.041439
0.095841
0.093109
0.038531
0.089389
0.040285
0.119928
0.036302
0.040354
0.040468
0.086849
0.044545
0.046417
0.057213
0.044066
0.044417
0.104710
0.045493
0.045706
0.046501
0.047915
0.048676
0.045490
0.094916
0.042634
0.069670
0.095382
0.092611
0.039349
0.036747
0.036281
0.038892
0.041897
0.044565
0.044494
0.045564
0.115435
0.042113
0.039405
0.092333
0.046586
0.043853
0.093307
0.087693
0.035926
0.080223
0.087057
0.038578
0.041113
0.037844
0.035491
0.036070
0.036363
0.034448
0.040740
0.072541
0.090099
0.037254
0.038617
0.039925
0.040491
0.087802
0.101353
0.047784
0.115871
0.050380
0.087871
0.042615
0.095497
0.045879
0.046009
0.043387
0.088898
0.036818
0.071480
0.039359
0.097341
0.038774
0.035943
0.035207
0.036933
0.033576
0.036945
0.043182
0.053446
0.047325
0.087804
0.042337
0.038750
0.038880
0.037839
0.039311
0.038422
0.039027
0.038975
0.069990
0.085625
0.035514
0.037484
0.038199
0.041638
0.044846
0.043572
0.054811
0.043847
0.044122
0.111041
0.040669
0.039357
0.041681
0.042658
0.044908
0.052019
0.043254
0.043013
0.047137
0.112476
0.053371
0.043273
0.051105
0.046411
0.046816
0.047232
0.043161
0.047428
0.040689
0.112360
0.035251
0.037773
0.040902
0.036166
0.040709
0.034218
0.039971
0.040218
0.042670
0.132226
0.046484
0.040763
0.045542
0.048186
0.045692
0.042878
0.045431
0.045612
0.054320
0.120866
0.041783
0.035831
0.035966
0.036003
0.040306
0.043730
0.040787
0.041806
0.041970
0.088877
0.075849
0.040557
0.048719
0.040038
0.042628
0.039792
0.039750
0.040915
0.044459
0.090629
0.054638
0.043703
0.037674
0.037368
0.038379
0.038436
0.047298
0.037057
0.044056
0.094639
0.057098
0.046112
0.041335
0.036263
0.034663
0.038264
0.040345
0.043382
0.043093
0.090433
0.038674
0.076095
0.050800
0.050682
0.045246
0.043266
0.050591
0.091467
0.043278
0.089946
0.091794
0.067718
0.039135
0.035258
0.045308
0.042187
0.042450
0.045652
0.043343
0.091429
0.037382
0.080952
0.042552
0.044512
0.044318
0.043101
0.043276
0.042934
0.092429
0.090451
0.111340
0.110705
0.099215
0.092455
0.099617
0.091119
0.099765
0.059889
0.149911
0.096573
0.098087
0.088850
0.095665
0.092724
0.092252
0.093894
0.121678
0.090881
0.092378
0.085549
0.087441
0.039412
0.092428
0.091973
0.044077
0.106373
0.039624
0.038896
0.035492
0.085798
0.043260
0.048020
0.047507
0.045672
0.049194
0.054681
0.037093
0.042338
0.043653
0.089116
0.039636
0.038011
0.040424
0.047806
0.041324
0.043398
0.050047
0.037473
0.035327
0.083098
0.046083
0.043197
0.045007
0.043829
0.044169
0.046072
0.057555
0.042565
0.033622
0.087753
0.040720
0.092301
0.046140
0.044673
0.042496
0.044868
0.055873
0.038966
0.038525
0.090086
0.049119
0.044920
0.045298
0.044901
0.046321
0.048066
0.052153
0.036087
0.040401
0.086583
0.040592
0.036088
0.039248
0.039752
0.042959
0.042819
0.045556
0.053576
0.036477
0.091219
0.038854
0.040058
0.037657
0.038005
0.034295
0.091775
0.039166
0.074530
0.040374
0.086298
0.042780
0.040430
0.040310
0.048728
0.040381
0.040747
0.040402
0.066519
0.040913
0.088507
0.052455
0.044354
0.044973
0.046829
0.044255
0.045983
0.043240
0.054932
0.035671
0.084713
0.038518
0.037452
0.034458
0.036351
0.036692
0.037197
0.043805
0.082373
0.040975
0.084736
0.034935
0.039930
0.035989
0.038659
0.039788
0.041576
0.042427
0.138299
0.037817
0.091811
0.045268
0.047971
0.043673
0.088565
0.044253
0.041724
0.054509
0.044088
0.035662
0.096216
0.048031
0.095397
0.049804
0.088543
0.089084
0.090475
0.124484
0.092563
0.056120
0.092502
0.087814
0.052948
0.109454
0.049476
0.084792
0.048498
0.046045
0.092616
0.044420
0.097065
0.051367
0.093706
0.040886
0.085875
0.049322
0.045053
0.048048
0.050834
0.049533
0.091741
0.042808
0.040143
0.044723
0.074111
0.040404
0.043464
0.043950
0.052481
0.040888
0.087682
0.045040
0.051495
0.046635
0.072199
0.040739
0.041132
0.042492
0.042615
0.043479
0.090943
0.041866
0.049477
0.048988
0.052433
0.098436
0.102430
0.042726
0.044868
0.045650
0.094751
0.095031
0.099660
0.061800
0.040145
0.039702
0.041398
0.043127
0.044740
0.048320
0.095576
0.042458
0.079093
0.042156
0.096076
0.098395
0.049258
0.046277
0.090931
0.102064
0.108467
0.112561
0.095606
0.096058
0.046748
0.046705
0.054686
0.050992
0.049895
0.049722
0.107913
0.046055
0.048346
0.049349
0.049423
0.049094
0.048923
0.045379
0.048539
0.049796
0.110673
0.045714
0.052231
0.051054
0.049381
0.059013
0.046700
0.046862
0.046710
0.056711
0.099747
0.054187
0.049421
0.050711
0.049988
0.048643
0.046786
0.046607
0.046960
0.057086
0.100989
0.050746
0.049785
0.050472
0.048405
0.048373
0.045541
0.045572
0.047200
0.049687
0.110866
0.046584
0.049320
0.055408
0.056247
0.049473
0.049851
0.049064
0.051549
0.053972
0.107253
0.050389
0.050286
0.050746
0.050118
0.046797
0.047897
0.048892
0.050495
0.061044
0.099212
0.050697
0.046728
0.047099
0.048511
0.043707
0.046586
0.046874
0.048226
0.047049
0.109781
0.042160
0.046317
0.043254
0.046466
0.048787
0.047196
0.047811
0.049042
0.047465
0.106351
0.042215
0.042974
0.048066
0.053514
0.050130
0.047146
0.056175
0.047629
0.067476
0.098738
0.046223
0.052756
0.048273
0.049060
0.047955
0.050337
0.046813
0.046288
0.056720
0.095543
0.048569
0.049406
0.048990
0.047910
0.051583
0.054904
0.048009
0.055125
0.050987
0.109793
0.052504
0.050423
0.059637
0.046551
0.046463
0.048120
0.048269
0.054290
0.059706
0.096199
0.051480
0.055839
0.048343
0.046560
0.050465
0.049608
0.051785
0.049819
0.064759
0.097366
0.051059
0.049749
0.046565
0.047376
0.049591
0.050320
0.049123
0.050172
0.053125
0.098428
0.051072
0.050649
0.047379
0.047956
0.047813
0.047385
0.052966
0.047716
0.047505
0.107978
0.045705
0.058482
0.093182
0.045991
0.041644
0.092807
0.094004
0.141023
0.038144
0.087799
0.050387
0.074602
0.144242
0.095537
0.093463
0.096115
0.121556
0.094633
0.049042
0.092359
0.040367
0.047881
0.050738
0.097333
0.043878
0.069077
0.040502
0.039435
0.040550
0.086536
0.046533
0.046259
0.048522
0.051222
0.049582
0.051409
0.045720
0.040498
0.040072
0.090068
0.045160
0.049219
0.050878
0.048316
0.048007
0.058233
0.042911
0.043178
0.044582
0.091439
0.040756
0.041411
0.040176
0.046550
0.054170
0.047021
0.040711
0.041716
0.042131
0.095084
0.047377
0.045306
0.057356
0.044587
0.054616
0.047169
0.049352
0.043903
0.046495
0.091496
0.038289
0.039377
0.041027
0.043533
0.057368
0.046455
0.048645
0.057783
0.049059
0.092546
0.045722
0.054888
0.047219
0.039367
0.039659
0.083085
0.045526
0.045572
0.048657
0.091582
0.048045
0.042082
0.044031
0.041885
0.039328
0.073957
0.037796
0.042893
0.046031
0.090973
0.037393
0.038185
0.037103
0.036603
0.038090
0.083097
0.046242
0.049911
0.045475
0.093003
0.037931
0.038537
0.039010
0.038076
0.039991
0.082664
0.044365
0.043098
0.047685
0.109562
0.094682
0.095587
0.092765
0.038969
0.086570
0.041680
0.042371
0.090637
0.092690
0.095114
0.045085
0.047622
0.046364
0.045494
0.058813
0.039073
0.038070
0.039151
0.040395
0.137432
0.043260
0.042411
0.044857
0.065362
0.069035
0.050247
0.048493
0.047951
0.048465
0.097023
0.040954
0.043253
0.046832
0.047108
0.062933
0.045581
0.044112
0.054825
0.066292
0.136690
0.070729
0.046907
0.048100
0.058627
0.081895
0.057678
0.045384
0.073139
0.042629
0.094910
0.041786
0.092676
0.095187
0.093533
0.097082
0.116221
0.093246
0.094733
0.097038
0.093354
0.098481
0.094814
0.090042
0.125678
0.093851
0.094957
0.098289
0.096119
0.094679
0.090990
0.044577
0.065619
0.087524
0.038294
0.089890
0.095599
0.053357
0.048728
0.050336
0.089239
0.084965
0.092412
0.040475
0.093493
0.098613
0.094568
0.039252
0.049540
0.054483
0.125352
0.098466
0.046147
0.093855
0.090337
0.097168
0.097607
0.096089
0.123288
0.095696
0.095315
0.095186
0.088214
0.095126
0.096173
0.092984
0.081475
0.092398
0.092656
0.042776
0.096446
0.057304
0.045325
0.048012
0.047005
0.055632
0.044985
0.044662
0.041301
0.040553
0.096863
0.045569
0.042703
0.048735
0.048689
0.131529
0.050594
0.048029
0.049094
0.047471
0.092602
0.042127
0.093271
0.047632
0.047499
0.115743
0.045312
0.043140
0.043323
0.095367
0.094744
0.090648
0.093763
0.098995
0.116403
0.045874
0.102539
0.053467
0.052462
0.052994
0.095808
0.043505
0.043644
0.077240
0.042898
0.049217
0.045367
0.048464
0.048757
0.052180
0.092944
0.042045
0.038523
0.078366
0.093302
0.043515
0.098722
0.052926
0.089375
0.093608
0.093733
0.108171
0.055832
0.087472
0.093024
0.043760
0.046396
0.050001
0.054298
0.048388
0.092038
0.082571
0.042494
0.042704
0.044659
0.046562
0.095302
0.041785
0.038409
0.049140
0.093015
0.069521
0.039913
0.047430
0.049956
0.092104
0.039306
0.038631
0.039756
0.039686
0.087838
0.078657
0.043828
0.047526
0.058524
0.045568
0.044538
0.044552
0.042528
0.043828
0.093772
0.136842
0.049826
0.048609
0.049375
0.046479
0.049991
0.052021
0.102189
0.049863
0.091717
0.067036
0.040179
0.040765
0.041593
0.045920
0.046498
0.047177
0.093591
0.090935
0.096029
0.064746
0.039965
0.040913
0.038757
0.044688
0.093762
0.043700
0.044298
0.046593
0.116117
0.052329
0.045782
0.044416
0.041835
0.057921
0.049146
0.094156
0.091285
0.095279
0.110576
0.094649
0.097266
0.093045
0.040175
0.040497
0.041153
0.043830
0.044417
0.142853
0.089840
0.045278
0.098341
0.091671
0.094257
0.044318
0.046357
0.117689
0.048580
0.043710
0.093200
0.048960
0.051406
0.105733
0.093644
0.052572
0.051520
0.053502
0.038417
0.047457
0.104026
0.096380
0.096250
0.042423
0.095151
0.047979
0.057710
0.093048
0.095107
0.046350
0.093570
0.096624
0.043610
0.095693
0.144032
0.041035
0.088553
0.096344
0.099829
0.042054
0.097232
0.097812
0.074181
0.055374
0.050914
0.046153
0.053566
0.051908
0.046303
0.048855
0.090261
0.094447
0.078774
0.090082
0.093533
0.052391
0.047461
0.048218
0.048187
0.048149
0.100477
0.077153
0.040761
0.045909
0.044426
0.096580
0.039073
0.039113
0.039684
0.039873
0.085260
0.073275
0.040513
0.042434
0.043747
0.043278
0.090130
0.094912
0.095993
0.091148
0.124078
0.056458
0.094471
0.089092
0.094724
0.095306
0.092854
0.094182
0.125990
0.044648
0.098671
0.073935
0.093668
0.041217
0.086372
0.124990
0.071202
0.082489
0.089679
0.133366
0.125028
0.042353
0.043145
0.043913
0.052999
0.050135
0.147297
0.039555
0.039776
0.094062
0.098284
0.046665
0.045152
0.045880
0.095293
0.076830
0.089900
0.096816
0.048917
0.052729
0.097457
0.051826
0.041582
0.041080
0.076075
0.043548
0.089322
0.095919
0.048833
0.049585
0.094720
0.041428
0.040173
0.078569
0.041739
0.041639
0.029416
0.026786
0.026873
0.027377
0.066391
0.035813
0.029104
0.026856
0.077114
0.029579
0.027717
0.026854
0.026622
0.066216
0.075837
0.069038
0.045818
0.048759
0.032521
0.033158
0.034031
0.033898
0.032128
0.080376
0.077131
0.046139
0.042411
0.032682
0.040784
0.038802
0.055298
0.086176
0.062654
0.150284
0.199370
0.122059
0.105048
0.113787
0.110817
0.110031
0.105492
0.073614
0.046033
0.046127
0.093015
0.044916
0.045963
0.047281
0.046345
0.047879
0.048714
0.055722
0.038050
0.039037
0.087140
0.047460
0.046244
0.051647
0.050411
0.050152
0.054704
0.045853
0.043727
0.041879
0.092898
0.049481
0.051852
0.049784
0.051856
0.050953
0.050454
0.056816
0.041135
0.041293
0.097680
0.041419
0.043075
0.041611
0.043528
0.042624
0.041253
0.078192
0.038320
0.043879
0.090514
0.043466
0.042548
0.044925
0.052920
0.045579
0.049329
0.063714
0.040425
0.049529
0.091332
0.046840
0.043424
0.047355
0.046614
0.048311
0.049269
0.050124
0.042096
0.042262
0.092463
0.045829
0.047125
0.045299
0.045172
0.048341
0.048174
0.058811
0.045997
0.044401
0.103513
0.044163
0.040825
0.041297
0.044973
0.069712
0.048573
0.042225
0.040394
0.038097
0.090342
0.045811
0.045462
0.047783
0.047343
0.048358
0.062904
0.044341
0.045423
0.045579
0.091922
0.046376
0.051799
0.045942
0.044685
0.074776
0.048417
0.050965
0.044658
0.044742
0.097660
0.042965
0.044655
0.050904
0.045271
0.064614
0.042083
0.044750
0.047116
0.064036
0.090411
0.050298
0.043467
