5.086801
0.895483
0.046596
0.046129
0.047171
0.046081
0.047697
0.047689
0.045878
0.047886
0.138629
0.046132
0.045199
0.040739
0.042248
0.037772
0.040669
0.035850
0.043169
0.042525
0.138408
0.040083
0.039535
0.037258
0.036944
0.065749
0.041768
0.036863
0.044783
0.046180
0.130401
0.048082
0.044598
0.048384
0.047489
0.044640
0.043853
0.043921
0.044178
0.043473
0.091524
0.061534
0.042342
0.042490
0.042316
0.037225
0.039609
0.037447
0.041503
0.039668
0.086126
0.073138
0.039800
0.048611
0.046465
0.041635
0.047784
0.046736
0.048538
0.045631
0.090980
0.076890
0.039876
0.042372
0.088948
0.042386
0.065113
0.048889
0.049227
0.050042
0.135600
0.045158
0.044562
0.044766
0.045801
0.046200
0.045861
0.045503
0.047825
0.047717
0.121735
0.042170
0.047557
0.047462
0.048928
0.050565
0.046524
0.048311
0.051807
0.046949
0.118530
0.041076
0.049998
0.045346
0.048354
0.046993
0.049786
0.046579
0.047917
0.049853
0.120524
0.043482
0.045041
0.045146
0.049739
0.059657
0.048405
0.048445
0.047918
0.049320
0.136522
0.049393
0.049879
0.048820
0.049668
0.048204
0.049722
0.045768
0.100238
0.038231
0.127562
0.043803
0.041952
0.043226
0.041832
0.037308
0.047159
0.049984
0.047355
0.046481
0.128248
0.047490
0.052708
0.048783
0.048662
0.043122
0.041554
0.043110
0.053303
0.048611
0.139328
0.042147
0.046661
0.043835
0.042528
0.089833
0.042141
0.040486
0.092018
0.047679
0.110818
0.039601
0.072042
0.058504
0.042928
0.077138
0.046867
0.046672
0.047167
0.091811
0.087860
0.070914
0.098362
0.086897
0.093803
0.090998
0.092310
0.089193
0.095209
0.125626
0.095443
0.042024
0.091096
0.046338
0.049132
0.046089
0.115360
0.055814
0.074880
0.131872
0.121565
0.120262
0.117726
0.067343
0.039376
0.054190
0.039889
0.078902
0.045083
0.046338
0.137206
0.039237
0.038790
0.036600
0.039558
0.041699
0.056678
0.043905
0.068865
0.075003
0.137320
0.143242
0.133989
0.123476
0.116634
0.120243
0.113779
0.120476
0.123707
0.120279
0.120296
0.069296
0.134329
0.074909
0.082135
0.063202
0.050612
0.052272
0.079004
0.079114
0.128086
0.051312
0.047780
0.049473
0.042653
0.078018
0.041241
0.065409
0.048074
0.047755
0.097385
0.041608
0.113379
0.053364
0.091668
0.051669
0.094283
0.038514
0.090065
0.041309
0.090493
0.065660
0.081317
0.042752
0.042420
0.042148
0.045325
0.048625
0.092625
0.094076
0.094929
0.134650
0.090505
0.097590
0.036632
0.022953
0.047139
0.048902
0.049270
0.058497
0.139166
0.038209
0.023932
0.044947
0.052988
0.045447
0.092348
0.092053
0.098570
0.128895
0.098334
0.039921
0.040724
0.040361
0.042923
0.130980
0.117064
0.068675
0.073807
0.024675
0.095303
0.053851
0.078149
0.135571
0.130480
0.124438
0.124869
0.040866
0.123744
0.129639
0.095104
0.048738
0.049469
0.041636
0.050833
0.041888
0.093844
0.075937
0.140216
0.039325
0.130826
0.067359
0.072724
0.048480
0.058680
0.035027
0.068765
0.047585
0.048635
0.047539
0.111952
0.043193
0.047665
0.047987
0.044247
0.046291
0.051921
0.044944
0.043916
0.058428
0.093974
0.040280
0.045288
0.047013
0.049968
0.047089
0.047982
0.046650
0.046977
0.055606
0.132222
0.130792
0.091595
0.093619
0.041262
0.089958
0.091802
0.094424
0.143236
0.087918
0.094152
0.095201
0.087957
0.091919
0.068576
0.084119
0.056318
0.102711
0.120142
0.096941
0.114654
0.052856
0.134453
0.075317
0.066086
0.044882
0.071513
0.082628
0.040710
0.068458
0.120136
0.051168
0.082693
0.041505
0.049756
0.046198
0.101418
0.079593
0.041618
0.042417
0.123849
0.046338
0.048445
0.049943
0.049971
0.049612
0.047914
0.046956
0.047050
0.044351
0.133424
0.039157
0.040331
0.038591
0.041376
0.044541
0.088840
0.093136
0.042194
0.043792
0.143208
0.042258
0.047729
0.043505
0.043665
0.048082
0.048486
0.047346
0.047856
0.048922
0.101349
0.024300
0.020571
0.080234
0.061501
0.050888
0.056151
0.077670
0.076257
0.047265
0.102680
0.075959
0.083997
0.056772
0.041973
0.073957
0.094360
0.047905
0.056489
0.079009
0.141414
0.080884
0.062810
0.045390
0.066022
0.082051
0.071925
0.051644
0.061357
0.037371
0.136286
0.074313
0.068396
0.047021
0.048057
0.059942
0.040845
0.082041
0.047370
0.054911
0.090453
0.076547
0.044239
0.045300
0.048116
0.046304
0.047086
0.045617
0.054705
0.075145
0.139740
0.041760
0.067007
0.042887
0.042121
0.045490
0.062920
0.050535
0.045134
0.042955
0.106599
0.049209
0.042826
0.049215
0.047466
0.067672
0.049172
0.044576
0.084389
0.047254
0.117520
0.065861
0.076413
0.045668
0.039068
0.077366
0.074473
0.084299
0.043700
0.077753
0.097311
0.077747
0.040466
0.082669
0.041163
0.039960
0.037100
0.038427
0.050788
0.082743
0.090292
0.043107
0.047476
0.050455
0.055068
0.086619
0.080844
0.042611
0.042136
0.079243
0.137843
0.044577
0.047889
0.043427
0.056746
0.041371
0.049067
0.042155
0.047476
0.056520
0.093195
0.040869
0.061354
0.048054
0.063030
0.048535
0.044973
0.051264
0.047916
0.057519
0.088593
0.042578
0.043897
0.046112
0.047392
0.048125
0.048713
0.041831
0.048975
0.052511
0.093469
0.048614
0.048915
0.047298
0.046662
0.045926
0.047413
0.050472
0.039868
0.079375
0.096832
0.041855
0.046144
0.041949
0.043420
0.044094
0.057837
0.047260
0.059416
0.042534
0.096013
0.046649
0.048355
0.051587
0.047434
0.046343
0.048836
0.051882
0.064353
0.043493
0.094658
0.045497
0.044192
0.042724
0.042804
0.044328
0.038410
0.047311
0.082889
0.041710
0.090301
0.043690
0.050022
0.048970
0.049572
0.046804
0.047389
0.049129
0.050345
0.038336
0.092444
0.046549
0.051419
0.046461
0.048042
0.045884
0.047811
0.049939
0.055985
0.039213
0.092467
0.044208
0.043485
0.045961
0.049410
0.035998
0.040637
0.038316
0.081116
0.038691
0.089900
0.041249
0.050082
0.046557
0.053340
0.051321
0.075778
0.039058
0.047497
0.058096
0.091437
0.043951
0.049362
0.054233
0.045681
0.044400
0.047565
0.045031
0.047598
0.055486
0.093608
0.045270
0.073229
0.039526
0.039506
0.042825
0.046652
0.050137
0.053614
0.050820
0.091233
0.046380
0.045962
0.048297
0.047424
0.044382
0.047790
0.042214
0.067582
0.049969
0.096512
0.041052
0.043042
0.048775
0.046223
0.045396
0.043895
0.058913
0.047190
0.049746
0.101876
0.039819
0.038285
0.038110
0.044248
0.040323
0.040826
0.074237
0.048609
0.059617
0.094769
0.045582
0.071164
0.038453
0.041695
0.080218
0.041848
0.043044
0.078964
0.083947
0.138165
0.051025
0.057741
0.084392
0.099647
0.056222
0.039685
0.084388
0.068796
0.047082
0.119687
0.077557
0.082484
0.054161
0.047868
0.072847
0.062539
0.044997
0.066110
0.044368
0.089093
0.050098
0.048017
0.074608
0.044197
0.046919
0.051178
0.047764
0.062943
0.084306
0.088361
0.076425
0.043760
0.042612
0.064076
0.044631
0.042938
0.041987
0.063544
0.043538
0.144815
0.041774
0.038775
0.038269
0.039621
0.076317
0.051537
0.047217
0.048960
0.048318
0.093821
0.041004
0.037269
0.040203
0.051785
0.048662
0.059886
0.041010
0.040957
0.038197
0.092959
0.045027
0.053170
0.047744
0.049711
0.047432
0.061177
0.041717
0.047845
0.040611
0.093653
0.047678
0.039088
0.042297
0.043433
0.043790
0.072035
0.039650
0.040575
0.044682
0.092128
0.044103
0.059651
0.047718
0.043107
0.065215
0.049480
0.045500
0.048758
0.046289
0.113559
0.067631
0.075008
0.081328
0.046977
0.053995
0.045029
0.073606
0.039109
0.038730
0.097907
0.063305
0.038592
0.040630
0.047240
0.041779
0.047725
0.058248
0.054400
0.038787
0.092467
0.051208
0.048777
0.047733
0.055067
0.037539
0.038937
0.079330
0.060010
0.040713
0.090294
0.052320
0.050444
0.054919
0.047095
0.044765
0.049493
0.059926
0.046031
0.048896
0.114096
0.049692
0.047643
0.044686
0.046966
0.036364
0.082945
0.042011
0.043333
0.040315
0.088820
0.077955
0.046630
0.037166
0.037858
0.073509
0.046608
0.070911
0.046324
0.046790
0.094223
0.044614
0.047051
0.052769
0.050618
0.067538
0.036752
0.140158
0.127906
0.072451
0.143576
0.135145
0.132691
0.119465
0.068763
0.081270
0.040770
0.046043
0.150685
0.038539
0.132003
0.039331
0.041667
0.042381
0.040143
0.075992
0.080894
0.086060
0.052808
0.055611
0.132488
0.073228
0.037639
0.038867
0.129665
0.040104
0.093384
0.042320
0.056354
0.043873
0.090657
0.050714
0.049895
0.044849
0.043485
0.073886
0.050934
0.055001
0.037846
0.082226
0.088841
0.044092
0.042042
0.043869
0.047580
0.047499
0.055515
0.038189
0.078582
0.074131
0.095353
0.077867
0.040521
0.038689
0.037015
0.036713
0.037358
0.038531
0.042429
0.077891
0.091212
0.048862
0.046180
0.046368
0.043617
0.042396
0.046088
0.060184
0.045645
0.064465
0.090451
0.044876
0.047013
0.054621
0.037660
0.038388
0.043397
0.041741
0.048897
0.057243
0.088676
0.045825
0.045261
0.044587
0.055469
0.040494
0.044975
0.040569
0.044573
0.065476
0.091397
0.044511
0.048850
0.047939
0.045083
0.072722
0.052442
0.043938
0.068171
0.045956
0.117295
0.052658
0.058907
0.040935
0.044423
0.040652
0.046270
0.059774
0.041775
0.070865
0.096614
0.049056
0.044550
0.061034
0.043655
0.075866
0.038236
0.036964
0.037137
0.077892
0.089256
0.042139
0.046024
0.049257
0.051367
0.043445
0.041020
0.040285
0.081046
0.045883
0.088774
0.042504
0.054203
0.068923
0.044324
0.042255
0.047553
0.070530
0.052341
0.041600
0.091512
0.047467
0.047625
0.046426
0.044066
0.044797
0.045097
0.053320
0.046867
0.041714
0.094513
0.040322
0.042471
0.046272
0.050828
0.044503
0.043027
0.061991
0.047616
0.048013
0.110120
0.052115
0.045735
0.044251
0.045431
0.037783
0.041797
0.084089
0.039563
0.040018
0.087519
0.039053
0.039034
0.071104
0.040491
0.043422
0.060168
0.047502
0.045949
0.045881
0.092845
0.043614
0.043028
0.043418
0.044942
0.064924
0.051857
0.045485
0.044513
0.040164
0.092786
0.046214
0.049040
0.048400
0.060519
0.047983
0.047708
0.052358
0.040736
0.037017
0.085710
0.045429
0.048832
0.051196
0.049028
0.043401
0.045543
0.046091
0.044608
0.046526
0.090814
0.038745
0.037093
0.073682
0.039178
0.045156
0.038136
0.038226
0.039325
0.039999
0.088860
0.042780
0.041413
0.065936
0.042177
0.040810
0.040057
0.041413
0.054119
0.048461
0.135905
0.049777
0.083314
0.055694
0.089719
0.042741
0.047240
0.090536
0.040478
0.039402
0.088796
0.074337
0.042172
0.038990
0.039696
0.043408
0.052950
0.047966
0.047090
0.044393
0.139198
0.037414
0.040977
0.038475
0.043061
0.043440
0.038890
0.039285
0.050101
0.060362
0.093885
0.045246
0.045990
0.047596
0.042782
0.038506
0.038985
0.045490
0.046881
0.080263
0.097798
0.036486
0.040347
0.051570
0.049945
0.048902
0.042069
0.042002
0.083301
0.042320
0.093511
0.038998
0.038359
0.038354
0.038111
0.038132
0.039055
0.039742
0.089563
0.044948
0.092548
0.037748
0.036668
0.036521
0.037123
0.038558
0.039132
0.040837
0.082598
0.046163
0.088226
0.037814
0.041015
0.040124
0.044641
0.048052
0.046192
0.046613
0.055746
0.044523
0.094324
0.043922
0.047060
0.051742
0.049309
0.044832
0.061224
0.046469
0.049264
0.053903
0.091186
0.040548
0.044527
0.045128
0.044446
0.046120
0.055024
0.036935
0.040932
0.040547
0.091854
0.047248
0.051928
0.047140
0.038928
0.072762
0.050263
0.043686
0.042198
0.045982
0.093082
0.037521
0.037671
0.036346
0.038738
0.067238
0.048832
0.044236
0.047323
0.043796
0.090152
0.038875
0.039597
0.039176
0.039082
0.082122
0.046468
0.043442
0.046723
0.042973
0.091592
0.049705
0.045981
0.046479
0.047037
0.057345
0.041644
0.044438
0.044463
0.045390
0.091059
0.042933
0.042951
0.039715
0.080628
0.052800
0.047715
0.044776
0.049085
0.044795
0.091634
0.042727
0.039253
0.042320
0.072540
0.041524
0.069197
0.038908
0.040381
0.038838
0.087378
0.042877
0.047173
0.047917
0.110197
0.046385
0.094393
0.043914
0.040758
0.038512
0.091464
0.047116
0.048482
0.107243
0.095398
0.092077
0.041853
0.093889
0.091980
0.095292
0.109881
0.111176
0.095699
0.093481
0.044905
0.091275
0.039224
0.041109
0.094211
0.067129
0.090927
0.045629
0.092748
0.093207
0.048938
0.093997
0.038309
0.130181
0.042487
0.045338
0.100754
0.042319
0.086220
0.097974
0.093622
0.134354
0.095886
0.096892
0.091629
0.094757
0.097399
0.091039
0.094501
0.065315
0.092124
0.094859
0.091465
0.039948
0.040756
0.037819
0.088883
0.048745
0.054185
0.039172
0.040840
0.038623
0.042400
0.040984
0.038586
0.039346
0.085690
0.046888
0.069163
0.043199
0.040042
0.053469
0.043324
0.044193
0.045264
0.047136
0.094328
0.079176
0.040195
0.042859
0.040333
0.037594
0.038372
0.041490
0.090773
0.104286
0.140198
0.047318
0.094135
0.094440
0.046100
0.044170
0.092873
0.046692
0.143263
0.041886
0.089706
0.037849
0.093289
0.045588
0.048628
0.047319
0.045302
0.046090
0.114943
0.095746
0.099072
0.040969
0.091497
0.095696
0.047328
0.048860
0.120988
0.097791
0.094546
0.089847
0.090639
0.094153
0.043495
0.043799
0.046167
0.067092
0.039297
0.040520
0.044386
0.091663
0.089033
0.094857
0.038285
0.043960
0.078014
0.044130
0.043558
0.044352
0.049160
0.041974
0.088971
0.092523
0.047323
0.046757
0.059884
0.090887
0.043540
0.064835
0.041647
0.126899
0.092990
0.047904
0.049749
0.043342
0.057926
0.092986
0.093150
0.051519
0.040680
0.090804
0.096422
0.046870
0.141507
0.043009
0.045308
0.045455
0.091629
0.041263
0.046498
0.048986
0.138529
0.043988
0.057117
0.098582
0.042293
0.040579
0.071954
0.040850
0.039957
0.043118
0.090214
0.044348
0.066268
0.073979
0.049959
0.051371
0.050659
0.048880
0.048294
0.044516
0.088158
0.037848
0.042324
0.085456
0.042845
0.043150
0.089021
0.124019
0.094604
0.111502
0.109528
0.097772
0.066051
0.100371
0.091959
0.046281
0.041344
0.040492
0.039729
0.096560
0.097070
0.086619
0.044061
0.045358
0.063948
0.062868
0.052141
0.047063
0.048748
0.044846
0.093228
0.075588
0.061914
0.043719
0.099273
0.091391
0.040872
0.042415
0.085092
0.055944
0.109454
0.048318
0.061614
0.042683
0.045529
0.072175
0.045485
0.065381
0.044778
0.093064
0.139560
0.046048
0.070160
0.044599
0.044567
0.046142
0.053489
0.040853
0.036294
0.041333
0.096181
0.057624
0.056566
0.042214
0.037526
0.083612
0.038751
0.034271
0.084004
0.090244
0.093401
0.131837
0.047738
0.043715
0.043404
0.044747
0.043272
0.043749
0.094105
0.040158
0.087048
0.078794
0.041422
0.042733
0.041842
0.039361
0.047866
0.045743
0.038120
0.039387
0.090040
0.045559
0.061084
0.083772
0.037369
0.037149
0.046358
0.039142
0.036872
0.038247
0.096592
0.034938
0.076228
0.040967
0.041943
0.044044
0.051181
0.043386
0.045506
0.040010
0.088758
0.037455
0.065629
0.040797
0.086809
0.042529
0.041220
0.040856
0.045672
0.043022
0.091496
0.045153
0.045160
0.051419
0.037507
0.037770
0.038779
0.037439
0.046036
0.035885
0.085463
0.038560
0.037271
0.080874
0.041726
0.043816
0.044026
0.045744
0.047170
0.046109
0.087734
0.039395
0.049608
0.078198
0.043902
0.044831
0.043255
0.043562
0.043200
0.037685
0.087108
0.045045
0.048048
0.043038
0.052962
0.042880
0.038029
0.040610
0.037818
0.041014
0.088948
0.040756
0.037742
0.037930
0.076534
0.038488
0.040096
0.039562
0.042506
0.047980
0.110199
0.040897
0.042803
0.038659
0.078825
0.046016
0.035604
0.085504
0.133811
0.038557
0.136199
0.049032
0.042739
0.051712
0.041996
0.063423
0.037168
0.044838
0.053393
0.042531
0.096843
0.050787
0.050097
0.057223
0.110192
0.047105
0.047526
0.045587
0.042876
0.045993
0.086170
0.044637
0.046573
0.065611
0.041138
0.033995
0.047806
0.041146
0.049938
0.045357
0.087693
0.054132
0.058828
0.044273
0.042532
0.049638
0.046355
0.042858
0.053005
0.050664
0.091340
0.043930
0.087550
0.042446
0.044513
0.043875
0.042744
0.043082
0.045393
0.045279
0.091278
0.044776
0.045853
0.055817
0.037381
0.035522
0.047662
0.047553
0.041764
0.044234
0.086482
0.079596
0.045047
0.080433
0.041937
0.046319
0.052697
0.043426
0.054888
0.080470
0.090570
0.080363
0.039454
0.058167
0.038011
0.075404
0.041208
0.043730
0.046549
0.061052
0.132087
0.057031
0.037670
0.075982
0.047282
0.042498
0.065678
0.039966
0.038641
0.040241
0.101944
0.043577
0.043941
0.053297
0.045381
0.068085
0.078690
0.054110
0.046967
0.051061
0.100044
0.041260
0.043153
0.043164
0.037915
0.042032
0.075243
0.053053
0.048522
0.050176
0.093109
0.045464
0.050315
0.050581
0.043336
0.045007
0.050798
0.043438
0.040033
0.030529
0.072366
0.030900
0.030155
0.039080
0.031137
0.029948
0.033480
0.030012
0.031255
0.031044
0.071644
0.047355
0.027687
