1.346417
0.030294
0.028624
0.028405
0.032654
0.028468
0.026668
0.027415
0.027323
0.028199
0.068973
0.029827
0.028275
0.027771
0.027925
0.027738
0.028645
0.027907
0.030146
0.028442
0.066951
0.029195
0.027505
0.028115
0.027232
0.028405
0.031634
0.027498
0.027349
0.027323
0.066394
0.028239
0.027658
0.027817
0.026473
0.029000
0.027179
0.027246
0.028021
0.027985
0.071256
0.028827
0.028001
0.029371
0.028349
0.028505
0.027678
0.028430
0.033422
0.028565
0.068956
0.029097
0.027934
0.028908
0.027968
0.028443
0.028820
0.032947
0.028447
0.030322
0.069541
0.029711
0.028394
0.028538
0.028578
0.029200
0.027881
0.028431
0.034577
0.032965
0.068382
0.028802
0.028399
0.028297
0.028492
0.029079
0.028029
0.028579
0.028677
0.028126
0.069269
0.030456
0.029244
0.027957
0.027395
0.028944
0.037499
0.028178
0.028335
0.029329
0.070035
0.029377
0.028750
0.029213
0.029153
0.030006
0.028584
0.028877
0.027833
0.028982
0.070972
0.029161
0.030417
0.029509
0.027854
0.027832
0.028258
0.029075
0.027296
0.028289
0.068975
0.035643
0.028061
0.028231
0.027980
0.028179
0.027426
0.028729
0.028120
0.028597
0.068560
0.028935
0.028947
0.029689
0.028013
0.027770
0.027799
0.028163
0.028168
0.028471
0.067918
0.028993
0.027713
0.032449
0.027666
0.027752
0.027645
0.028692
0.027748
0.028186
0.067851
0.029825
0.027844
0.028944
0.028001
0.030575
0.029706
0.028680
0.027381
0.029067
0.067803
0.028512
0.028309
0.029549
0.029279
0.032230
0.028378
0.028221
0.028322
0.028061
0.068990
0.028900
0.028776
0.030668
0.028253
0.028518
0.029869
0.029927
0.027642
0.027825
0.069159
0.028805
0.027926
0.028059
0.030419
0.027918
0.030122
0.028136
0.027227
0.027863
0.069033
0.028276
0.028134
0.028844
0.028950
0.028270
0.029416
0.029366
0.030121
0.028960
0.068202
0.029431
0.030949
0.028652
0.028483
0.028425
0.028306
0.028078
0.032204
0.027960
0.068129
0.029496
0.027903
0.028322
0.028347
0.029048
0.028216
0.030253
0.028436
0.030863
0.071324
0.030399
0.029718
0.031204
0.031376
0.030288
0.029573
0.030321
0.029365
0.034203
0.070044
0.031719
0.030203
0.030271
0.029392
0.029766
0.028769
0.029240
0.029042
0.031287
0.070702
0.030084
0.028543
0.029318
0.029222
0.029146
0.028145
0.028342
0.029299
0.029166
0.074261
0.029570
0.028711
0.030108
0.028682
0.029401
0.034384
0.032275
0.029767
0.030933
0.070842
0.029686
0.029125
0.030991
0.029427
0.029330
0.028902
0.028942
0.029191
0.029174
0.069504
0.029263
0.028726
0.030785
0.029710
0.029722
0.029740
0.030638
0.029782
0.029876
0.071349
0.030381
0.030616
0.030080
0.029597
0.029971
0.028766
0.028905
0.028194
0.028958
0.068896
0.030637
0.028601
0.028697
0.028304
0.028184
0.028042
0.029186
0.028069
0.029172
0.069863
0.030515
0.028617
0.028533
0.028873
0.029431
0.028226
0.029291
0.028161
0.028665
0.068935
0.029416
0.028727
0.028735
0.029271
0.029518
0.029197
0.029453
0.029114
0.029970
0.069808
0.030051
0.029880
0.031407
0.028753
0.029097
0.028379
0.028765
0.028437
0.028972
0.068522
0.029596
0.028153
0.028686
0.031955
0.034618
0.028472
0.028950
0.029651
0.028951
0.068611
0.029175
0.029827
0.030619
0.028954
0.028250
0.028501
0.028765
0.029180
0.029073
0.068326
0.029744
0.028447
0.028530
0.027676
0.028322
0.030871
0.028616
0.028094
0.029527
0.069048
0.030379
0.028171
0.028684
0.028564
0.030469
0.030595
0.029453
0.028569
0.029049
0.069089
0.028899
0.028724
0.029145
0.028176
0.029074
0.027851
0.028166
0.033460
0.028870
0.068616
0.029528
0.028334
0.029093
0.030376
0.029935
0.028255
0.028491
0.028764
0.028710
0.068007
0.028948
0.029018
0.028276
0.028710
0.028339
0.028597
0.028461
0.027631
0.028806
0.073014
0.029943
0.028700
0.029294
0.028677
0.029884
0.028674
0.029970
0.030280
0.029773
0.069252
0.029743
0.028713
0.029441
0.028529
0.028979
0.028921
0.029352
0.028539
0.029861
0.069063
0.034385
0.028366
0.028343
0.028623
0.028764
0.029283
0.028300
0.028251
0.029408
0.069718
0.028951
0.027897
0.028193
0.028651
0.029175
0.028322
0.028775
0.027555
0.028202
0.068843
0.029127
0.027450
0.032267
0.028061
0.028700
0.029268
0.029190
0.029554
0.028810
0.070539
0.029375
0.029778
0.029348
0.027663
0.028855
0.028554
0.028274
0.027514
0.028165
0.067373
0.028809
0.027893
0.028042
0.027736
0.033992
0.028461
0.028685
0.027939
0.028571
0.069499
0.032984
0.029704
0.029867
0.028164
0.030053
0.029090
0.031286
0.029889
0.030323
0.071646
0.030301
0.029777
0.030837
0.030488
0.030440
0.034925
0.030819
0.031077
0.030741
0.074990
0.031652
0.031449
0.031278
0.030057
0.030941
0.029804
0.031532
0.030172
0.030739
0.072052
0.030923
0.030376
0.030532
0.030194
0.031447
0.034122
0.030268
0.030161
0.031483
0.071684
0.031942
0.030007
0.030329
0.030821
0.030150
0.030078
0.031015
0.030005
0.029452
0.070087
0.029293
0.028558
0.029418
0.028064
0.028010
0.029290
0.033302
0.028257
0.029730
0.068774
0.029751
0.031288
0.029728
0.028653
0.029970
0.028213
0.029157
0.028759
0.029700
0.069119
0.029413
0.028732
0.029213
0.028299
0.028569
0.028056
0.028357
0.028601
0.030444
0.069897
0.031128
0.028422
0.029948
0.029396
0.029319
0.028771
0.028274
0.028110
0.028986
0.068774
0.028293
0.028010
0.029839
0.028271
0.028407
0.028287
0.027805
0.027827
0.029006
0.070658
0.029133
0.028125
0.030240
0.028570
0.028642
0.029172
0.029525
0.028516
0.029444
0.068814
0.029117
0.027592
0.028268
0.027750
0.028719
0.027635
0.028767
0.028014
0.027574
0.068115
0.032514
0.028695
0.028407
0.028304
0.029107
0.029263
0.029366
0.027917
0.029642
0.068875
0.029330
0.028796
0.029519
0.028208
0.029274
0.028899
0.028177
0.027257
0.028817
0.068340
0.028734
0.028442
0.033919
0.029171
0.028818
0.027955
0.029418
0.027598
0.030104
0.068873
0.029153
0.028258
0.028646
0.028298
0.028827
0.028255
0.028860
0.028577
0.029203
0.068924
0.030129
0.031087
0.029708
0.028843
0.029673
0.028599
0.030761
0.028772
0.030237
0.070657
0.032151
0.030092
0.031798
0.030642
0.030403
0.029948
0.030598
0.028828
0.028480
0.068442
0.028709
0.027799
0.029006
0.029604
0.034086
0.030274
0.029492
0.028527
0.028908
0.069064
0.029895
0.029301
0.028908
0.028245
0.028918
0.030257
0.030116
0.029094
0.028372
0.068460
0.030003
0.028125
0.028590
0.029037
0.029769
0.028049
0.035202
0.028647
0.029987
0.070010
0.031001
0.028973
0.030554
0.028488
0.030123
0.029612
0.029969
0.030296
0.030649
0.070202
0.030903
0.029512
0.030080
0.030073
0.029984
0.029821
0.030197
0.033915
0.038557
0.098172
0.041553
0.032665
0.029805
0.030458
0.030597
0.030074
0.030520
0.030157
0.031101
0.071048
0.031153
0.030161
0.029569
0.028909
0.030096
0.029937
0.029763
0.029830
0.029460
0.068759
0.031409
0.028952
0.029442
0.028074
0.029355
0.028958
0.028552
0.028842
0.029555
0.069875
0.030243
0.030227
0.031388
0.031649
0.031580
0.031126
0.032160
0.030489
0.030928
0.072194
0.030986
0.030074
0.030443
0.030766
0.030910
0.031308
0.030761
0.030053
0.029767
0.071475
0.029624
0.030187
0.029163
0.028868
0.029592
0.029180
0.029752
0.029563
0.030458
0.072732
0.031046
0.030531
0.029726
0.028977
0.029703
0.029088
0.031021
0.030153
0.029767
0.069407
0.029708
0.028456
0.029125
0.028429
0.028413
0.029082
0.029324
0.028767
0.029062
0.072021
0.030857
0.029215
0.030601
0.028968
0.029668
0.028862
0.029255
0.030070
0.030129
0.069052
0.028997
0.030731
0.028779
0.029224
0.029020
0.027868
0.028542
0.028227
0.028631
0.068654
0.033949
0.030586
0.030762
0.033011
0.030519
0.030907
0.029312
0.028828
0.030794
0.070971
0.031152
0.028104
0.029323
0.028127
0.028893
0.028755
0.027986
0.028541
0.029399
0.070698
0.030980
0.034895
0.030939
0.030389
0.031242
0.030814
0.030789
0.029762
0.029947
0.071297
0.030768
0.030664
0.029483
0.029316
0.029510
0.028694
0.029416
0.028629
0.029739
0.069891
0.032173
0.030442
0.035213
0.030185
0.030771
0.030560
0.031365
0.030843
0.030920
0.071380
0.031439
0.030207
0.030104
0.030766
0.030392
0.029483
0.029712
0.029589
0.029921
0.069051
0.030193
0.029471
0.029279
0.031975
0.030661
0.030482
0.031410
0.031182
0.031182
0.071370
0.030715
0.030059
0.031026
0.030576
0.030683
0.029915
0.030557
0.030136
0.030961
0.070469
0.031151
0.030557
0.030412
0.035599
0.030913
0.030323
0.030599
0.030376
0.029956
0.070914
0.031080
0.030288
0.031641
0.029914
0.031062
0.030347
0.030367
0.030321
0.030546
0.070989
0.031777
0.031345
0.030810
0.034049
0.029993
0.031883
0.031808
0.031357
0.031397
0.071856
0.032209
0.029534
0.031109
0.029916
0.030975
0.030995
0.030868
0.031293
0.030720
0.071036
0.031723
0.031325
0.031308
0.035262
0.031291
0.029346
0.030779
0.030455
0.030502
0.071884
0.030604
0.029356
0.029085
0.030946
0.031244
0.029055
0.028527
0.028611
0.030101
0.068680
0.031016
0.028711
0.029399
0.030048
0.034671
0.029704
0.029735
0.029276
0.030278
0.069866
0.030972
0.028313
0.030602
0.028692
0.029746
0.028435
0.028435
0.028753
0.032403
0.069632
0.029877
0.030166
0.030382
0.029089
0.030710
0.033710
0.029980
0.028991
0.030176
0.070685
0.030854
0.028848
0.028811
0.028666
0.029310
0.028803
0.029042
0.029517
0.028811
0.070122
0.029630
0.029393
0.029209
0.028956
0.030284
0.029570
0.033933
0.028779
0.029977
0.070547
0.030414
0.029661
0.029046
0.028987
0.029957
0.028773
0.029693
0.028782
0.029153
0.070693
0.030422
0.028964
0.029343
0.029221
0.029730
0.029238
0.030557
0.030067
0.031749
0.072460
0.030580
0.030224
0.031606
0.030268
0.030177
0.029685
0.029336
0.028357
0.029753
0.069395
0.030210
0.030069
0.029634
0.028338
0.030456
0.029451
0.029949
0.030331
0.031472
0.071363
0.031465
0.029704
0.030778
0.030942
0.030537
0.030673
0.030307
0.029983
0.030561
0.071821
0.030930
0.030442
0.030041
0.029648
0.029758
0.029466
0.029783
0.031089
0.030673
0.074970
0.032167
0.030486
0.030088
0.030555
0.030922
0.030124
0.030142
0.029749
0.030598
0.071633
0.032594
0.030282
0.030666
0.030892
0.031311
0.031443
0.030717
0.030352
0.031232
0.070482
0.032212
0.031519
0.031721
0.031162
0.030236
0.033317
0.034442
0.030989
0.030732
0.072120
0.031224
0.030579
0.031854
0.031198
0.030790
0.030314
0.030445
0.029827
0.032049
0.072908
0.032054
0.031212
0.031613
0.030718
0.031760
0.031036
0.030961
0.030824
0.031760
0.071896
0.031343
0.031104
0.031775
0.031434
0.031166
0.031148
0.030777
0.031864
0.031868
0.071740
0.030904
0.029227
0.031371
0.029589
0.029481
0.029658
0.029334
0.029580
0.029713
0.071133
0.030471
0.028757
0.030998
0.029888
0.029943
0.029574
0.029873
0.029804
0.030502
0.071646
0.076362
0.030139
0.030776
0.030266
0.029616
0.029582
0.028483
0.027894
0.027831
0.068780
0.031225
0.029088
0.030206
0.027620
0.028800
0.028849
0.029000
0.029202
0.030566
0.068787
0.029518
0.029859
0.028907
0.029285
0.030283
0.028240
0.029022
0.028676
0.028965
0.068479
0.030758
0.029676
0.029282
0.030837
0.031115
0.030635
0.031013
0.030383
0.030642
0.072139
0.031536
0.031497
0.032475
0.030685
0.030852
0.031502
0.031167
0.029660
0.030165
0.070593
0.030702
0.030241
0.029875
0.031239
0.073329
0.030498
0.072801
0.031325
0.029897
0.068350
0.031920
0.028898
0.029655
0.029210
0.030224
0.029409
0.030757
0.030436
0.030266
0.069366
0.030446
0.030871
0.029932
0.030144
0.030555
0.030152
0.030841
0.029228
0.030411
0.069705
0.031951
0.032705
0.030976
0.031449
0.030982
0.029904
0.030350
0.028088
0.031574
0.070104
0.031375
0.029515
0.030358
0.028856
0.029894
0.029619
0.030831
0.029792
0.031694
0.070313
0.030874
0.029213
0.033579
0.029907
0.032418
0.029621
0.030899
0.029589
0.029395
0.071619
0.031991
0.029622
0.030234
0.030090
0.030715
0.029382
0.030069
0.030056
0.029835
0.071398
0.031653
0.030589
0.032650
0.034845
0.031448
0.029974
0.030892
0.030600
0.071467
0.071565
0.031209
0.030801
0.030584
0.029207
0.030642
0.030043
0.030702
0.030382
0.031471
0.069851
0.031585
0.030638
0.032124
0.029912
0.030839
0.029062
0.030621
0.029624
0.070309
0.071382
0.031251
0.031141
0.029697
0.029754
0.029039
0.028929
0.029899
0.028382
0.030823
0.068601
0.031042
0.030463
0.031868
0.033754
0.030573
0.028748
0.030303
0.030020
0.030504
0.069059
0.030492
0.028317
0.031511
0.028113
0.030580
0.035960
0.030705
0.029352
0.029101
0.069112
0.031806
0.031049
0.032284
0.029881
0.032412
0.029214
0.030210
0.029373
0.030888
0.072180
0.032167
0.029047
0.031535
0.029485
0.030154
0.029865
0.029468
0.030005
0.029470
0.071985
0.032831
0.031519
0.031289
0.030556
0.032540
0.029808
0.030206
0.030639
0.030739
0.071629
0.032186
0.029995
0.031106
0.030322
0.031276
0.030972
0.031172
0.030125
0.031672
0.071958
0.031774
0.031119
0.032007
0.031536
0.031159
0.033544
0.031125
0.030855
0.031265
0.073093
0.031987
0.029867
0.030094
0.030381
0.031583
0.031437
0.031688
0.031985
0.031742
0.072726
0.031103
0.030993
0.031247
0.031968
0.031547
0.036589
0.031955
0.030277
0.031218
0.071711
0.032205
0.030459
0.031913
0.031092
0.031809
0.030711
0.031175
0.031295
0.030934
0.072574
0.032242
0.031276
0.031458
0.031737
0.030975
0.034290
0.030958
0.030885
0.030555
0.072113
0.031491
0.030561
0.030816
0.030464
0.030476
0.030211
0.030255
0.029892
0.031006
0.072057
0.031969
0.030054
0.032909
0.030729
0.030340
0.031025
0.033371
0.031698
0.030628
0.072148
0.031685
0.030513
0.029963
0.030269
0.029436
0.030531
0.030498
0.030079
0.031016
0.071460
0.031915
0.030414
0.030533
0.030639
0.030091
0.030396
0.032498
0.029770
0.029087
0.070056
0.030904
0.029103
0.029007
0.029567
0.030503
0.029059
0.029192
0.029928
0.029467
0.069592
0.030069
0.029875
0.029095
0.029396
0.031096
0.029551
0.030657
0.032501
0.030374
0.070633
0.031890
0.030485
0.031327
0.029171
0.030025
0.030735
0.030461
0.030119
0.032568
0.073398
0.031471
0.031158
0.030939
0.030684
0.032355
0.030740
0.032029
0.043418
0.032529
0.071781
0.032345
0.031490
0.032020
0.031109
0.031948
0.031064
0.031127
0.031325
0.031394
0.075584
0.032028
0.030380
0.030204
0.030066
0.030527
0.030722
0.030521
0.031807
0.030134
0.070613
0.031204
0.029669
0.029458
0.029024
0.030485
0.030663
0.031200
0.030970
0.029456
0.071381
0.031692
0.028942
0.031056
0.031365
0.030365
0.030401
0.030554
0.035814
0.030637
0.070987
0.030575
0.028789
0.029368
0.029689
0.029240
0.031052
0.029302
0.030223
0.029441
0.071640
0.031273
0.029378
0.030175
0.030438
0.031195
0.030677
0.030573
0.031544
0.029947
0.072160
0.030718
0.030305
0.029548
0.030299
0.029089
0.030472
0.030132
0.030339
0.030331
0.072605
0.030114
0.030906
0.030157
0.031322
0.031150
0.031630
0.029829
0.032181
0.030540
0.074543
0.031745
0.029831
0.037504
0.030580
0.030387
0.031150
0.031685
0.032484
0.032245
0.074928
0.032166
0.028894
0.031815
0.029568
0.032623
0.031355
0.031418
0.034776
0.031201
0.071982
0.032162
0.031570
0.031800
0.030847
0.031407
0.031323
0.031409
0.030328
0.031906
0.072101
0.031018
0.030542
0.031415
0.030568
0.031497
0.029716
0.030527
0.035186
0.030852
0.070488
0.033508
0.030556
0.031668
0.030530
0.030705
0.030363
0.030225
0.029704
0.031404
0.070730
0.031160
0.031826
0.031983
0.030866
0.030782
0.029916
0.029836
0.035715
0.031093
0.072033
0.031563
0.031317
0.031152
0.030762
0.030169
0.030197
0.031448
0.030498
0.031161
0.071975
0.030853
0.029370
0.031239
0.030973
0.031040
0.030083
0.029477
0.031397
0.029436
0.070089
0.031104
0.029906
0.030978
0.029852
0.030548
0.029763
0.030608
0.029267
0.030585
0.070984
0.032105
0.029854
0.031847
0.030481
0.030908
0.029416
0.030581
0.029298
0.034638
0.069569
0.030606
0.028845
0.030920
0.028430
0.030796
0.028453
0.030752
0.030706
0.031601
0.071570
0.031850
0.030296
0.031508
0.030685
0.030658
0.030886
0.030695
0.030796
0.036691
0.070490
0.029798
0.028723
0.030134
0.029226
0.030361
0.029546
0.030860
0.029926
0.030635
0.070588
0.029529
0.029450
0.029517
0.029591
0.029724
0.028842
0.029965
0.028641
0.029059
0.074977
0.033281
0.028076
0.029529
0.029550
0.029244
0.029778
0.029627
0.028620
0.030746
0.069788
0.030654
0.030011
0.032446
0.029468
0.029984
0.030070
0.029559
0.029875
0.029749
0.074620
0.030007
0.030278
0.030051
0.030138
0.029376
0.029556
0.030850
0.029247
0.030281
0.071855
0.031573
0.028724
