1.253525
0.028075
0.026671
0.025958
0.025017
0.025322
0.026181
0.025721
0.026718
0.026316
0.066287
0.027690
0.026890
0.026989
0.026865
0.030010
0.027813
0.026493
0.026310
0.026336
0.064914
0.026439
0.025541
0.025032
0.025599
0.027195
0.025786
0.027436
0.026432
0.027408
0.065147
0.028049
0.027234
0.027012
0.026398
0.026754
0.027540
0.025912
0.029861
0.025597
0.064446
0.026266
0.026033
0.025433
0.025389
0.025373
0.025532
0.025466
0.025647
0.025525
0.064664
0.025872
0.025331
0.025558
0.025189
0.026349
0.025261
0.026640
0.025932
0.026750
0.066014
0.028292
0.027598
0.026468
0.027179
0.026470
0.027390
0.026402
0.027453
0.026625
0.066547
0.026734
0.026227
0.026285
0.026265
0.025682
0.025363
0.025781
0.025811
0.025603
0.065847
0.026963
0.025927
0.027442
0.027526
0.027263
0.027483
0.027870
0.026767
0.026936
0.067295
0.028015
0.027371
0.035386
0.026878
0.026509
0.026374
0.026284
0.026141
0.025977
0.066077
0.027402
0.027147
0.026340
0.025712
0.025997
0.027032
0.026253
0.026143
0.026602
0.066619
0.028110
0.027792
0.026397
0.027813
0.027066
0.027359
0.034928
0.027678
0.027310
0.067728
0.027018
0.025768
0.025871
0.025682
0.026024
0.026280
0.025738
0.025518
0.028502
0.065523
0.026199
0.027400
0.026358
0.027327
0.026750
0.026607
0.027524
0.026204
0.026980
0.066482
0.027464
0.027232
0.027761
0.026530
0.026123
0.026353
0.026026
0.026827
0.026282
0.065701
0.028846
0.026351
0.026515
0.026749
0.027060
0.026750
0.026001
0.026257
0.025847
0.065224
0.026620
0.025603
0.027273
0.026441
0.027698
0.026274
0.027787
0.026656
0.028052
0.066379
0.027663
0.027896
0.027194
0.028387
0.026966
0.026545
0.025539
0.026193
0.026443
0.067087
0.025891
0.025940
0.025809
0.025688
0.026046
0.025616
0.025738
0.025056
0.024905
0.065184
0.066916
0.026721
0.035575
0.026541
0.027926
0.026792
0.027610
0.026811
0.027670
0.066522
0.027502
0.027718
0.026830
0.028550
0.026439
0.025979
0.026015
0.025304
0.026237
0.065827
0.027713
0.026127
0.026312
0.026649
0.066489
0.026398
0.026306
0.025278
0.026042
0.065621
0.026358
0.026277
0.025888
0.025854
0.026142
0.027198
0.026770
0.027667
0.026409
0.067741
0.028430
0.027309
0.028267
0.027734
0.026873
0.027875
0.026682
0.026034
0.025444
0.065915
0.067730
0.027067
0.026042
0.065494
0.066541
0.026266
0.025621
0.025004
0.025484
0.064363
0.026170
0.027009
0.027756
0.026223
0.026393
0.025778
0.026829
0.026593
0.026167
0.065525
0.031538
0.027554
0.026743
0.025725
0.025833
0.024837
0.025629
0.025560
0.025064
0.064283
0.026843
0.026253
0.025502
0.025244
0.024989
0.025903
0.025121
0.024989
0.027144
0.065563
0.027841
0.026791
0.027219
0.026006
0.026153
0.025943
0.027579
0.026107
0.026860
0.067835
0.026273
0.025734
0.025492
0.027006
0.033486
0.026194
0.025773
0.026416
0.027893
0.066440
0.027988
0.067651
0.028295
0.027494
0.027350
0.027287
0.027792
0.026412
0.026361
0.065532
0.026858
0.026538
0.026337
0.025687
0.026782
0.027536
0.026866
0.027953
0.026642
0.067784
0.028656
0.026925
0.028033
0.026303
0.027872
0.026560
0.026263
0.025769
0.025900
0.068622
0.027314
0.026607
0.026147
0.026730
0.026671
0.026525
0.026493
0.026040
0.025997
0.065659
0.027263
0.026312
0.026291
0.027461
0.027163
0.028200
0.026922
0.027509
0.026486
0.067412
0.028575
0.026809
0.028875
0.026932
0.067924
0.027139
0.066770
0.026940
0.026182
0.065325
0.027128
0.027094
0.026303
0.026063
0.026407
0.025805
0.028340
0.028740
0.026115
0.065830
0.027135
0.025861
0.025714
0.030623
0.026613
0.066675
0.027943
0.027468
0.027997
0.066241
0.027646
0.028041
0.027080
0.067534
0.067039
0.026851
0.026359
0.025408
0.026017
0.065336
0.027880
0.026401
0.025671
0.025208
0.027525
0.025221
0.025120
0.025833
0.025843
0.065875
0.028643
0.026958
0.026388
0.026300
0.027112
0.026546
0.026116
0.027110
0.026633
0.066694
0.029312
0.029675
0.030606
0.028303
0.028284
0.027312
0.028252
0.030921
0.026546
0.066409
0.039131
0.027632
0.027606
0.027226
0.027234
0.026671
0.026257
0.027057
0.028092
0.067687
0.027653
0.027225
0.027594
0.026583
0.026699
0.026804
0.027882
0.026575
0.026690
0.066933
0.028358
0.027128
0.026234
0.027116
0.026763
0.027545
0.026524
0.026405
0.027513
0.066780
0.027810
0.025952
0.026289
0.027282
0.026954
0.027356
0.026438
0.025965
0.026340
0.067464
0.027672
0.026342
0.030308
0.027340
0.026225
0.027008
0.026730
0.026366
0.026880
0.067475
0.027498
0.026683
0.026939
0.027602
0.027398
0.026639
0.027643
0.028082
0.027440
0.066515
0.028041
0.027673
0.027109
0.026241
0.027729
0.031416
0.027464
0.026644
0.027576
0.067130
0.030095
0.029536
0.029408
0.029497
0.028283
0.029407
0.027784
0.027769
0.028000
0.069441
0.028433
0.027305
0.027255
0.033943
0.027912
0.026969
0.028178
0.031444
0.028025
0.066306
0.028600
0.027309
0.027165
0.026622
0.027677
0.027269
0.028651
0.027834
0.028314
0.067873
0.029128
0.028031
0.029363
0.028187
0.028276
0.028755
0.027277
0.026663
0.026901
0.070710
0.027925
0.027689
0.029612
0.028468
0.029194
0.027971
0.026422
0.026214
0.027275
0.066507
0.027762
0.026639
0.027957
0.027504
0.027226
0.026752
0.026749
0.027077
0.027114
0.070181
0.028615
0.031257
0.027622
0.026880
0.029482
0.027533
0.029308
0.027977
0.030262
0.068610
0.030115
0.028993
0.028895
0.027487
0.028554
0.029797
0.028164
0.027762
0.029433
0.068189
0.028069
0.027855
0.027343
0.029038
0.028433
0.027748
0.026562
0.026340
0.026906
0.066838
0.028132
0.026524
0.027619
0.027594
0.027419
0.026568
0.026655
0.027011
0.026644
0.067274
0.027898
0.026671
0.027606
0.026805
0.026433
0.025955
0.029019
0.027330
0.027367
0.066203
0.027942
0.027389
0.027007
0.025995
0.027328
0.026926
0.027228
0.026509
0.026214
0.067846
0.028263
0.026878
0.027947
0.026659
0.027998
0.026747
0.027759
0.026894
0.027963
0.069860
0.028483
0.029337
0.027304
0.026561
0.026082
0.027038
0.027071
0.026846
0.026374
0.066627
0.028015
0.027142
0.026373
0.027303
0.027708
0.027199
0.027240
0.026163
0.027464
0.067679
0.027509
0.031606
0.026714
0.028190
0.026619
0.026211
0.027812
0.026583
0.035766
0.067182
0.026625
0.028300
0.027759
0.027284
0.027323
0.027759
0.026992
0.027960
0.026703
0.066694
0.028206
0.028156
0.026988
0.025708
0.030033
0.027324
0.066251
0.027927
0.026910
0.066896
0.027895
0.026791
0.028561
0.026905
0.027816
0.027084
0.026859
0.026575
0.028213
0.067239
0.028578
0.026682
0.026828
0.027522
0.027779
0.027354
0.030771
0.028460
0.027215
0.067640
0.028324
0.028120
0.027100
0.028369
0.027300
0.026617
0.027107
0.027313
0.027425
0.068220
0.027617
0.026990
0.027253
0.027122
0.027995
0.026864
0.026532
0.027403
0.027487
0.071837
0.028234
0.027038
0.028315
0.027205
0.026831
0.027122
0.027299
0.027833
0.027479
0.066604
0.029155
0.026880
0.026312
0.027896
0.026832
0.027955
0.026715
0.026035
0.026835
0.067780
0.028395
0.030859
0.027086
0.030190
0.026884
0.027872
0.027019
0.026686
0.026464
0.067104
0.028323
0.026547
0.027452
0.026585
0.027757
0.026612
0.027748
0.026896
0.028356
0.066618
0.027835
0.026976
0.028177
0.026910
0.031455
0.027459
0.027015
0.028502
0.026967
0.066793
0.028135
0.028275
0.027345
0.026376
0.026490
0.027981
0.027432
0.027609
0.026917
0.066387
0.029166
0.027097
0.026982
0.027179
0.028101
0.027016
0.026873
0.032253
0.027551
0.067138
0.027967
0.027281
0.028168
0.027026
0.026814
0.026895
0.027975
0.027872
0.027310
0.066870
0.028498
0.028236
0.027533
0.026502
0.026614
0.027428
0.027240
0.028058
0.026846
0.066365
0.028939
0.027037
0.026703
0.027924
0.027583
0.027836
0.026502
0.026252
0.027898
0.067647
0.027553
0.027963
0.027042
0.027829
0.026804
0.026305
0.027243
0.027728
0.027164
0.066241
0.028109
0.027702
0.031240
0.026216
0.027733
0.026747
0.027421
0.066885
0.028188
0.067959
0.027423
0.027148
0.027666
0.025670
0.026054
0.027262
0.026198
0.027428
0.026548
0.065066
0.028090
0.026555
0.027562
0.026882
0.030783
0.029148
0.027836
0.026750
0.025400
0.064941
0.027848
0.027211
0.026901
0.025779
0.026067
0.026821
0.027674
0.026893
0.029363
0.068231
0.028543
0.028132
0.028023
0.027750
0.028149
0.027854
0.028346
0.029710
0.028106
0.066873
0.029143
0.027810
0.027847
0.027544
0.028044
0.032575
0.031262
0.028926
0.028408
0.068906
0.029521
0.028853
0.029497
0.028781
0.029126
0.028624
0.028044
0.028349
0.029431
0.069060
0.028739
0.028864
0.028596
0.028227
0.028507
0.029084
0.028958
0.027895
0.028598
0.068591
0.029041
0.028016
0.028283
0.028190
0.028469
0.027537
0.027353
0.027432
0.027842
0.069322
0.029003
0.028173
0.028657
0.028702
0.028570
0.028348
0.029300
0.029217
0.028497
0.068897
0.028173
0.027736
0.028294
0.031244
0.028493
0.027961
0.028306
0.027987
0.028160
0.068410
0.028018
0.029860
0.028029
0.027907
0.027692
0.027430
0.027238
0.027317
0.027332
0.067472
0.027927
0.027053
0.026929
0.026756
0.027003
0.026998
0.026783
0.026398
0.027041
0.066716
0.027393
0.026631
0.027359
0.026759
0.035034
0.026881
0.026787
0.026586
0.026452
0.066286
0.027212
0.026856
0.026831
0.026381
0.026933
0.026400
0.026621
0.026567
0.026893
0.066628
0.026654
0.026668
0.026569
0.026219
0.026737
0.026314
0.026132
0.028991
0.026398
0.066645
0.027973
0.026848
0.027020
0.027468
0.026595
0.026751
0.026765
0.027327
0.026523
0.067764
0.028311
0.027110
0.027918
0.026898
0.027385
0.026329
0.066964
0.067035
0.031561
0.065246
0.026545
0.025432
0.026253
0.025699
0.026047
0.025950
0.027187
0.025925
0.026280
0.066203
0.028805
0.027249
0.028646
0.027390
0.026810
0.066443
0.028291
0.026647
0.026442
0.064997
0.028368
0.026411
0.026414
0.025532
0.026949
0.026697
0.027894
0.026968
0.027327
0.066613
0.028284
0.028002
0.027057
0.027418
0.027236
0.027539
0.026454
0.026301
0.025655
0.064903
0.026878
0.025964
0.025402
0.029742
0.025742
0.025496
0.025329
0.064579
0.067315
0.067935
0.068423
0.077177
0.028234
0.027733
0.026587
0.026765
0.026622
0.026281
0.027115
0.065452
0.068701
0.033156
0.027037
0.026390
0.026600
0.026350
0.027642
0.027148
0.028153
0.065418
0.028366
0.026480
0.027745
0.026788
0.027228
0.026931
0.026350
0.025510
0.025729
0.065402
0.027701
0.026435
0.026628
0.026293
0.029695
0.026189
0.026721
0.026195
0.026386
0.065656
0.028396
0.027013
0.028777
0.028943
0.028279
0.026900
0.039932
0.028934
0.028406
0.068386
0.028933
0.027702
0.027219
0.027319
0.026483
0.027006
0.026881
0.026807
0.026397
0.067089
0.027822
0.027251
0.027199
0.026694
0.026374
0.025758
0.026557
0.026278
0.027266
0.065694
0.066813
0.027829
0.025936
0.066084
0.027888
0.026315
0.027014
0.066020
0.026870
0.064954
0.026544
0.026366
0.026239
0.026850
0.065354
0.026848
0.026724
0.026207
0.026457
0.066360
0.029272
0.027578
0.027408
0.028039
0.027932
0.027514
0.026700
0.027840
0.026870
0.070859
0.028367
0.026806
0.027283
0.027537
0.028126
0.027344
0.026911
0.026535
0.026314
0.066664
0.027346
0.026793
0.026402
0.027232
0.026657
0.026841
0.027122
0.027638
0.026986
0.067242
0.028336
0.030278
0.027714
0.027454
0.027791
0.026641
0.028038
0.027328
0.027053
0.066428
0.027383
0.027139
0.026766
0.026066
0.026515
0.025992
0.026403
0.025490
0.026319
0.065713
0.027880
0.027359
0.027313
0.027724
0.026845
0.031456
0.026474
0.027304
0.026804
0.067261
0.028608
0.027413
0.026982
0.025969
0.027068
0.026119
0.026441
0.026457
0.026422
0.066304
0.028287
0.028190
0.027403
0.027717
0.027872
0.027292
0.028170
0.028147
0.032248
0.069304
0.027563
0.027050
0.026677
0.026508
0.026354
0.026508
0.027014
0.026676
0.027422
0.066589
0.028142
0.026606
0.027786
0.026984
0.027735
0.027154
0.027749
0.026477
0.027860
0.066508
0.027030
0.028268
0.026463
0.026201
0.026341
0.026482
0.026511
0.026089
0.026545
0.066466
0.027563
0.026829
0.027233
0.027508
0.026941
0.027724
0.026496
0.027244
0.027089
0.068212
0.028404
0.027222
0.027078
0.027674
0.029681
0.026303
0.027632
0.026131
0.026977
0.066157
0.027820
0.026347
0.026236
0.026289
0.026407
0.025975
0.026732
0.026863
0.028164
0.066659
0.028215
0.027822
0.028081
0.027001
0.031414
0.027034
0.027839
0.027210
0.029327
0.067595
0.028216
0.026636
0.027189
0.026647
0.026912
0.026637
0.026942
0.026932
0.026703
0.066889
0.027793
0.026835
0.026154
0.026954
0.027843
0.026780
0.026954
0.026651
0.027525
0.067004
0.031434
0.028274
0.027641
0.029309
0.027700
0.027619
0.027832
0.027346
0.028348
0.067005
0.029097
0.027200
0.027394
0.026784
0.027131
0.026795
0.026895
0.032668
0.027071
0.066259
0.027069
0.025924
0.026091
0.030212
0.026698
0.025842
0.026166
0.026597
0.025837
0.066173
0.028147
0.026883
0.027040
0.027631
0.026558
0.027324
0.026726
0.027484
0.026680
0.067459
0.028786
0.026809
0.026857
0.026622
0.026226
0.026219
0.030216
0.026478
0.026797
0.067250
0.027517
0.026799
0.067907
0.027135
0.027850
0.026641
0.027354
0.027515
0.026615
0.067281
0.028242
0.026718
0.027259
0.026033
0.025607
0.025344
0.025556
0.025357
0.025841
0.070280
0.027796
0.026359
0.025273
0.025280
0.025588
0.025949
0.026394
0.025915
0.025674
0.065161
0.026655
0.026341
0.026541
0.026770
0.027108
0.027094
0.026413
0.027308
0.026381
0.067013
0.029565
0.030224
0.026520
0.027268
0.026570
0.026812
0.026800
0.026675
0.066758
0.068311
0.067556
0.068134
0.068470
0.068601
0.068383
0.027444
0.026937
0.025701
0.026712
0.065051
0.028505
0.026278
0.026260
0.025022
0.024963
0.025086
0.025948
0.025491
0.025415
0.065557
0.027683
0.027393
0.027751
0.027037
0.027915
0.026722
0.066713
0.028304
0.066451
0.069339
0.029624
0.027575
0.026868
0.026006
0.028512
0.027889
0.028613
0.026961
0.026803
0.064981
0.027624
0.027124
0.027842
0.026778
0.026795
0.026257
0.026275
0.027200
0.025986
0.065194
0.028713
0.026213
0.025816
0.024903
0.025247
0.025226
0.025170
0.024575
0.024679
0.065588
0.028074
0.026386
0.027151
0.025213
0.066463
0.028717
0.026889
0.066504
0.068646
0.068424
0.067859
0.068090
0.067897
0.069618
0.066792
0.067250
0.067509
0.067114
0.066671
0.066646
0.068139
0.066768
0.067873
0.068063
0.068205
0.067363
0.067209
0.067428
0.066851
0.066626
0.027523
0.066623
0.028476
0.065943
0.027799
0.066980
0.067645
0.027653
0.069376
0.067785
0.027570
0.026579
0.027043
0.025573
0.026048
0.025854
0.025771
0.065006
0.026824
0.066149
0.028057
0.027741
0.026680
0.027301
0.027100
0.035275
0.028075
0.026181
0.066624
0.067979
0.026580
0.025667
0.064995
0.027069
0.026090
0.064556
0.026870
0.066349
0.028466
0.066391
0.028158
0.066135
0.068369
0.068236
0.026973
0.030004
0.026279
0.025423
0.025509
0.064533
0.027044
0.025941
0.026105
0.025570
0.025460
0.025697
0.025599
0.025673
0.026645
0.066447
0.029570
0.027925
0.027190
0.026038
0.027521
0.025911
0.026906
0.026082
0.033115
0.065779
0.027554
0.026413
0.026724
0.026854
0.026303
0.026507
0.026633
0.026554
0.026188
0.065992
0.027383
0.026339
0.026543
0.026915
0.028201
0.026942
0.027660
0.026845
0.027709
0.066152
0.031290
0.027164
0.027126
0.027698
0.027021
0.026023
0.026713
0.026210
0.026540
0.065814
0.027123
0.026600
0.027963
0.026530
0.029911
0.027186
0.027603
0.027205
0.027093
0.066916
0.028643
0.026674
0.027127
0.030509
0.026407
0.026054
0.026099
0.026083
0.026438
0.066602
0.027900
0.026913
0.027935
0.026816
0.027269
0.029461
0.027406
0.027273
0.027233
0.068033
0.027776
0.026416
0.026454
0.026214
0.026332
0.026587
0.031474
0.026898
0.026820
0.066539
0.028170
0.027073
0.026771
0.026130
0.026199
0.025523
0.025274
0.025829
0.025714
0.064976
0.027762
0.027061
0.027436
0.025881
0.027322
0.026395
0.027301
0.027361
0.027130
0.071970
0.027820
0.027020
0.066869
0.026996
0.026900
0.026783
0.026235
0.025614
0.025576
0.064590
0.026713
0.025780
0.026406
0.026637
0.026998
0.026561
0.027094
0.026717
0.026949
0.066741
0.030020
0.027550
0.026980
0.026358
0.025884
0.033620
0.027802
0.025712
0.026215
0.065961
0.028652
0.026566
0.026464
0.026404
0.026131
0.030733
0.027673
0.026615
0.027443
0.066315
0.028226
0.028425
0.026802
0.029909
0.027493
0.026323
0.026081
0.025603
0.025422
0.064953
0.027869
0.026650
0.026178
0.025557
0.026215
0.025209
0.025347
0.025168
0.025457
0.064792
0.027589
0.027238
