1.329090
0.030825
0.028427
0.028927
0.028256
0.028830
0.029292
0.028558
0.029669
0.029346
0.067504
0.029278
0.028809
0.029397
0.028749
0.032498
0.028504
0.029344
0.028634
0.028288
0.068109
0.028980
0.028413
0.028230
0.028262
0.028227
0.028019
0.029227
0.029356
0.029836
0.068371
0.029357
0.028009
0.028764
0.027731
0.028195
0.027866
0.032810
0.028229
0.028344
0.067736
0.029301
0.028272
0.028273
0.028491
0.028657
0.027713
0.028838
0.028259
0.028768
0.068209
0.028384
0.027642
0.028741
0.027544
0.028581
0.028194
0.027646
0.027651
0.029304
0.069348
0.029248
0.028908
0.035233
0.029454
0.028897
0.027722
0.029776
0.028769
0.029016
0.069065
0.029406
0.028429
0.028362
0.028489
0.028929
0.028270
0.029123
0.028188
0.027928
0.071300
0.029698
0.028728
0.028726
0.029090
0.028975
0.028014
0.027986
0.028015
0.029729
0.068171
0.029681
0.028260
0.028969
0.027984
0.028988
0.027932
0.029442
0.028076
0.028862
0.069007
0.035676
0.028779
0.028845
0.029194
0.029318
0.030775
0.029064
0.027933
0.028288
0.069088
0.030646
0.029162
0.028477
0.028989
0.029109
0.028586
0.029193
0.028480
0.029867
0.069156
0.030030
0.028859
0.029415
0.028457
0.029511
0.028960
0.029362
0.028732
0.029255
0.069246
0.030119
0.028800
0.030178
0.038030
0.029890
0.029399
0.029051
0.028154
0.029050
0.069606
0.029596
0.029017
0.029150
0.028653
0.028716
0.029203
0.029793
0.028497
0.028976
0.069189
0.030023
0.030411
0.028837
0.029592
0.030439
0.028750
0.029439
0.028708
0.029680
0.069309
0.029117
0.029035
0.028609
0.029081
0.030208
0.028792
0.028815
0.028991
0.030229
0.069509
0.029333
0.028549
0.030683
0.028041
0.029433
0.028914
0.028718
0.028586
0.029138
0.068943
0.029102
0.028263
0.028959
0.027948
0.032992
0.028501
0.029200
0.028541
0.029396
0.068211
0.029405
0.028293
0.028895
0.029453
0.028592
0.029304
0.028577
0.027467
0.029141
0.068033
0.030320
0.028245
0.028193
0.028134
0.028626
0.027353
0.028662
0.027897
0.028416
0.069015
0.029314
0.035558
0.029452
0.027870
0.029175
0.028578
0.030214
0.028727
0.029041
0.068689
0.029630
0.028495
0.028328
0.027558
0.028436
0.027859
0.027801
0.032315
0.028094
0.068562
0.030036
0.028408
0.028587
0.028729
0.029064
0.028105
0.029403
0.028002
0.028797
0.068218
0.030179
0.028255
0.029489
0.028403
0.027781
0.027254
0.028546
0.028072
0.028130
0.068148
0.030373
0.028101
0.029346
0.028358
0.028259
0.028203
0.028935
0.030008
0.028046
0.068891
0.029135
0.028319
0.029372
0.028697
0.028703
0.027803
0.029044
0.027927
0.028691
0.068495
0.029199
0.029015
0.029206
0.029237
0.028840
0.028444
0.029935
0.029258
0.029683
0.069364
0.029398
0.028117
0.028570
0.028742
0.029019
0.028722
0.028649
0.027827
0.028366
0.068435
0.029429
0.033419
0.028465
0.028608
0.029500
0.028884
0.028676
0.027805
0.029595
0.068763
0.028857
0.028858
0.030048
0.028322
0.029301
0.028599
0.028897
0.028285
0.028170
0.068572
0.030149
0.027442
0.028127
0.033318
0.028820
0.028683
0.030869
0.029118
0.029320
0.068709
0.029893
0.027896
0.030130
0.028946
0.030375
0.029851
0.030960
0.030730
0.031324
0.072604
0.029877
0.029121
0.028619
0.028293
0.035716
0.028578
0.030181
0.028398
0.029861
0.069205
0.030179
0.030285
0.030326
0.029582
0.029742
0.029501
0.029515
0.028888
0.031885
0.069402
0.029529
0.028690
0.029146
0.028322
0.029568
0.028988
0.029415
0.029021
0.030019
0.069808
0.030616
0.029653
0.029661
0.029166
0.030281
0.028663
0.030200
0.028310
0.029890
0.070338
0.030301
0.033352
0.029032
0.028564
0.028862
0.028047
0.029147
0.033900
0.030068
0.069363
0.030192
0.029390
0.030380
0.029544
0.030812
0.030405
0.030739
0.029321
0.030479
0.071997
0.030895
0.029608
0.030602
0.028614
0.029635
0.029066
0.029481
0.028966
0.034845
0.071497
0.030558
0.029489
0.029706
0.029872
0.031682
0.029153
0.030504
0.029472
0.029948
0.070220
0.030264
0.030121
0.029517
0.028944
0.029639
0.029337
0.029247
0.028761
0.029116
0.073404
0.032143
0.030442
0.030379
0.029764
0.029763
0.030524
0.030578
0.028621
0.030313
0.069750
0.031453
0.029340
0.031108
0.029726
0.028565
0.028513
0.028862
0.027843
0.028410
0.071035
0.029455
0.029034
0.029360
0.029114
0.029404
0.028539
0.030862
0.029137
0.029322
0.069868
0.031069
0.028811
0.029760
0.029626
0.028654
0.029896
0.029811
0.028789
0.029650
0.069441
0.031614
0.029357
0.028862
0.028883
0.029457
0.028888
0.030026
0.030445
0.029917
0.069103
0.030416
0.029193
0.029258
0.028270
0.029188
0.027642
0.028360
0.027639
0.028316
0.068376
0.029345
0.029433
0.032918
0.028243
0.028419
0.028048
0.029045
0.028863
0.029554
0.068559
0.030079
0.028725
0.029255
0.029926
0.028499
0.028517
0.028450
0.029789
0.028796
0.067908
0.028323
0.027875
0.028177
0.028639
0.029485
0.028155
0.028395
0.028388
0.028702
0.071950
0.015667
0.013859
0.014200
0.013662
0.014149
0.013365
0.014172
0.013619
0.019264
0.054322
0.014850
0.013542
0.014157
0.013667
0.014096
0.013074
0.013942
0.013253
0.014030
0.053968
0.014798
0.013452
0.014457
0.016553
0.013862
0.013556
0.013994
0.014055
0.013805
0.054310
0.014982
0.014321
0.014294
0.014098
0.013810
0.014204
0.014510
0.013630
0.014380
0.054040
0.014752
0.013455
0.014093
0.013544
0.014019
0.013452
0.013854
0.013284
0.013705
0.055192
0.014724
0.014602
0.014032
0.018939
0.014476
0.013781
0.014550
0.013632
0.014205
0.056682
0.015635
0.013871
0.014723
0.013381
0.014408
0.013511
0.014280
0.013903
0.014874
0.058321
0.014673
0.013795
0.014590
0.013607
0.013919
0.013772
0.014281
0.013068
0.013731
0.057338
0.014214
0.013874
0.014676
0.014033
0.018800
0.014659
0.014076
0.013639
0.013864
0.058856
0.015220
0.013914
0.014058
0.014106
0.014574
0.029650
0.030074
0.030693
0.032197
0.075802
0.030494
0.029651
0.029113
0.029129
0.029444
0.029017
0.029758
0.029961
0.029869
0.074572
0.029856
0.029373
0.029706
0.030001
0.030578
0.028796
0.028991
0.013885
0.014539
0.055538
0.014468
0.013875
0.013911
0.013602
0.013573
0.012980
0.014168
0.014571
0.014214
0.054899
0.014016
0.013759
0.013647
0.013644
0.013910
0.013898
0.013678
0.013778
0.014265
0.055056
0.014101
0.014001
0.014935
0.013407
0.014939
0.013471
0.014679
0.013363
0.013983
0.054836
0.014710
0.013236
0.014242
0.013794
0.013831
0.013455
0.013455
0.013798
0.013976
0.055470
0.013953
0.013831
0.013939
0.013860
0.014297
0.013121
0.013728
0.013524
0.017626
0.056658
0.014189
0.013799
0.014353
0.014137
0.013826
0.014201
0.014148
0.013625
0.014620
0.058254
0.014177
0.013912
0.014174
0.013479
0.014958
0.013859
0.013918
0.013438
0.014025
0.058053
0.014284
0.013520
0.013548
0.013427
0.014264
0.013786
0.014782
0.013703
0.014105
0.059264
0.015088
0.013793
0.013844
0.013378
0.014749
0.014190
0.014238
0.014316
0.014513
0.060378
0.014472
0.013865
0.014310
0.013510
0.013750
0.013756
0.014063
0.013543
0.014047
0.059570
0.014274
0.013214
0.014057
0.013148
0.013916
0.013695
0.014133
0.013816
0.014137
0.061701
0.018538
0.013740
0.013981
0.013460
0.014282
0.014061
0.015030
0.013639
0.014792
0.061884
0.014597
0.013874
0.014545
0.013705
0.014267
0.013943
0.014426
0.014435
0.014312
0.062504
0.014256
0.013343
0.013899
0.013885
0.013991
0.013474
0.013862
0.014010
0.014032
0.060894
0.014205
0.015157
0.014161
0.013537
0.013802
0.014585
0.014532
0.013447
0.014544
0.060772
0.014714
0.013944
0.014686
0.013837
0.014225
0.013312
0.014329
0.013658
0.013805
0.060665
0.014025
0.013534
0.014205
0.013536
0.014126
0.013178
0.013931
0.013583
0.013819
0.061288
0.014889
0.013549
0.016307
0.013699
0.014763
0.013946
0.014126
0.014494
0.014494
0.061933
0.014297
0.013672
0.013923
0.013912
0.014103
0.013654
0.014169
0.013908
0.014254
0.061880
0.014421
0.013846
0.014290
0.013323
0.014111
0.013368
0.013584
0.014278
0.014723
0.061069
0.014466
0.014802
0.014485
0.016731
0.014138
0.013705
0.014151
0.014357
0.014813
0.061380
0.014529
0.013803
0.014051
0.013952
0.014250
0.013842
0.014419
0.013635
0.014733
0.060760
0.014624
0.013750
0.014313
0.013527
0.013798
0.013324
0.013928
0.013532
0.013933
0.060478
0.014286
0.013657
0.014273
0.013460
0.013774
0.013906
0.013749
0.014118
0.014928
0.061944
0.014590
0.013735
0.014124
0.013344
0.014014
0.013873
0.014128
0.013416
0.013985
0.062895
0.014267
0.014017
0.014372
0.013744
0.014478
0.013879
0.014030
0.013562
0.013962
0.062200
0.014734
0.013793
0.014660
0.013835
0.014254
0.017565
0.014167
0.013665
0.014984
0.063097
0.014788
0.014003
0.013944
0.013374
0.014371
0.013466
0.014287
0.013540
0.014271
0.061261
0.014345
0.013218
0.014117
0.018500
0.014179
0.013736
0.014220
0.013319
0.013788
0.060867
0.014457
0.013784
0.014220
0.013389
0.014650
0.013976
0.014616
0.013812
0.014762
0.062090
0.014726
0.013698
0.013892
0.013691
0.014391
0.013748
0.013915
0.013459
0.014045
0.061003
0.014335
0.013245
0.014197
0.013808
0.014960
0.013810
0.014164
0.013651
0.014272
0.060378
0.014433
0.013870
0.014210
0.013748
0.014487
0.013683
0.017921
0.013460
0.014531
0.060722
0.014410
0.013942
0.014132
0.013294
0.014424
0.013561
0.014856
0.013927
0.014133
0.060840
0.014273
0.013365
0.013926
0.013765
0.014002
0.013501
0.013972
0.013650
0.014229
0.060780
0.014092
0.013637
0.014060
0.016219
0.014425
0.013654
0.014393
0.017490
0.014346
0.060915
0.014632
0.013886
0.014309
0.013304
0.013641
0.014067
0.013831
0.013769
0.014115
0.059881
0.014507
0.013734
0.013660
0.013130
0.013944
0.013832
0.014073
0.013326
0.014263
0.059726
0.014396
0.013769
0.014023
0.013689
0.014140
0.013765
0.013834
0.013609
0.013782
0.060596
0.015151
0.013757
0.014396
0.013586
0.014335
0.013449
0.014525
0.013760
0.014226
0.060104
0.014242
0.013961
0.013847
0.013324
0.013908
0.013978
0.014033
0.014302
0.014171
0.077306
0.031497
0.030216
0.030840
0.029430
0.030171
0.029998
0.031588
0.030550
0.029909
0.074510
0.030838
0.029548
0.030240
0.029891
0.029346
0.029157
0.029493
0.029113
0.029591
0.073250
0.029664
0.073133
0.029545
0.028381
0.028708
0.069605
0.030312
0.028683
0.029478
0.069104
0.030327
0.068545
0.014486
0.067679
0.029335
0.027739
0.028708
0.013746
0.028661
0.054466
0.014712
0.013733
0.028753
0.027403
0.028281
0.027418
0.031120
0.028807
0.028659
0.068427
0.070503
0.028616
0.068208
0.028957
0.028291
0.027742
0.027793
0.027575
0.028608
0.067135
0.031527
0.029135
0.030489
0.029893
0.030120
0.029225
0.035280
0.028814
0.028434
0.067073
0.030260
0.028649
0.029552
0.028613
0.029181
0.027436
0.028195
0.027685
0.028367
0.067922
0.029515
0.029244
0.028809
0.028060
0.029183
0.027373
0.027570
0.028193
0.033746
0.068480
0.029571
0.028714
0.030489
0.028073
0.029147
0.028357
0.029036
0.027634
0.028111
0.068485
0.029719
0.027539
0.027811
0.028461
0.028930
0.028801
0.029153
0.028766
0.029011
0.070518
0.029868
0.029533
0.029558
0.028448
0.029104
0.028810
0.029071
0.028386
0.028564
0.076483
0.030033
0.028807
0.028644
0.027695
0.029573
0.028378
0.028449
0.028027
0.028743
0.068641
0.030605
0.029782
0.029973
0.028349
0.028730
0.028635
0.029208
0.027939
0.029165
0.068454
0.029356
0.028530
0.028937
0.028374
0.028589
0.027919
0.028669
0.028072
0.028969
0.068766
0.029677
0.029774
0.030992
0.028412
0.029171
0.028576
0.029222
0.028493
0.028878
0.070009
0.029499
0.028078
0.028992
0.027767
0.028229
0.030596
0.028609
0.028544
0.028528
0.068094
0.029840
0.028039
0.028772
0.029358
0.030439
0.029049
0.029095
0.028904
0.030129
0.069472
0.029609
0.028455
0.028024
0.028087
0.028542
0.028034
0.028921
0.027930
0.027887
0.068306
0.029369
0.028794
0.028324
0.027477
0.028354
0.028274
0.030389
0.032183
0.028857
0.067870
0.030081
0.028119
0.029126
0.028047
0.028875
0.028375
0.028478
0.028090
0.028679
0.068330
0.029253
0.027954
0.028312
0.028224
0.029027
0.027904
0.029063
0.028781
0.030443
0.073612
0.029784
0.029141
0.028969
0.027797
0.028409
0.027527
0.027807
0.027492
0.028435
0.068670
0.029264
0.027491
0.029058
0.028601
0.028393
0.027993
0.028479
0.029599
0.030285
0.069447
0.036627
0.028217
0.028632
0.029541
0.029665
0.028489
0.028239
0.027756
0.027982
0.067859
0.028798
0.028969
0.028756
0.029157
0.029150
0.027920
0.028974
0.028491
0.028691
0.068745
0.031188
0.027979
0.033581
0.028775
0.028792
0.028992
0.028831
0.027934
0.028844
0.067945
0.029767
0.027659
0.028261
0.028642
0.028333
0.028634
0.028828
0.027996
0.031985
0.068250
0.030029
0.029558
0.031209
0.030453
0.033856
0.028401
0.029788
0.028454
0.028839
0.068768
0.028897
0.028140
0.028903
0.028215
0.029085
0.028949
0.032072
0.028592
0.028530
0.069168
0.029797
0.028322
0.029890
0.029627
0.033199
0.029397
0.029742
0.028910
0.030652
0.069138
0.029552
0.029394
0.028638
0.028045
0.028399
0.028894
0.028164
0.028644
0.029503
0.068788
0.029715
0.028699
0.029444
0.029548
0.029750
0.028392
0.030079
0.032338
0.029248
0.070502
0.029991
0.068679
0.029741
0.028622
0.028818
0.028363
0.028472
0.027267
0.029096
0.067535
0.030276
0.029049
0.028303
0.028620
0.028894
0.029384
0.014654
0.014061
0.014296
0.071512
0.030075
0.069713
0.071681
0.070133
0.070251
0.068830
0.069525
0.029016
0.030025
0.067784
0.071658
0.029156
0.069420
0.071258
0.030180
0.028599
0.027911
0.027350
0.028176
0.066850
0.029602
0.068734
0.070470
0.029268
0.031661
0.029616
0.028884
0.029104
0.029216
0.070520
0.029765
0.030214
0.030478
0.029893
0.030265
0.069362
0.029388
0.028226
0.028447
0.069253
0.029963
0.069276
0.029738
0.029047
0.029394
0.068477
0.070114
0.029425
0.029529
0.068109
0.030547
0.028206
0.069172
0.028969
0.029593
0.027942
0.028170
0.028339
0.028936
0.067244
0.028985
0.028694
0.028307
0.027551
0.068109
0.030117
0.029780
0.028516
0.028315
0.068642
0.029743
0.028969
0.029038
0.027807
0.028258
0.027358
0.028186
0.028105
0.028060
0.072738
0.029614
0.027467
0.028894
0.028561
0.029160
0.029083
0.029896
0.028379
0.030109
0.070493
0.032625
0.070425
0.070447
0.069729
0.069745
0.068800
0.029705
0.028882
0.029695
0.067579
0.029741
0.069475
0.029601
0.028656
0.029458
0.028581
0.072881
0.069758
0.030255
0.069458
0.029786
0.028070
0.029692
0.027927
0.029177
0.027738
0.028209
0.029770
0.029315
0.067697
0.030791
0.068458
0.069522
0.069801
0.030343
0.028018
0.068105
0.070482
0.035061
0.068224
0.070503
0.029504
0.068550
0.029875
0.069222
0.030730
0.028988
0.028077
0.067690
0.073497
0.029865
0.030255
0.028230
0.027727
0.067615
0.029618
0.028789
0.028520
0.028488
0.067483
0.029706
0.028385
0.028880
0.029066
0.029995
0.028682
0.029006
0.027614
0.028490
0.067505
0.030577
0.028019
0.028109
0.027687
0.028472
0.028594
0.028498
0.028235
0.029381
0.067945
0.029795
0.028192
0.028185
0.027559
0.029625
0.028692
0.028650
0.027873
0.028692
0.069417
0.034705
0.028796
0.029814
0.028410
0.032776
0.029088
0.029303
0.028456
0.028471
0.069182
0.028979
0.028400
0.028718
0.028303
0.028456
0.029172
0.029326
0.028631
0.028033
0.070922
0.029491
0.027736
0.028986
0.028036
0.028274
0.027249
0.027835
0.027781
0.029755
0.069690
0.029918
0.027859
0.027693
0.028275
0.029145
0.027509
0.029104
0.028986
0.029368
0.069531
0.031333
0.028667
0.028499
0.029695
0.029210
0.027577
0.028915
0.028411
0.028229
0.067669
0.028746
0.028694
0.028368
0.027925
0.028369
0.028234
0.028700
0.027682
0.028408
0.069689
0.029463
0.029385
0.029949
0.027634
0.028003
0.033361
0.028690
0.027992
0.028132
0.067980
0.029111
0.027556
0.028968
0.028278
0.028425
0.027267
0.028662
0.028520
0.028167
0.069443
0.029660
0.028392
0.028416
0.028877
0.028674
0.027595
0.028020
0.032576
0.028681
0.068011
0.028592
0.027545
0.028302
0.027102
0.028337
0.028192
0.027832
0.027878
0.029105
0.068622
0.029387
0.029076
0.028780
0.027959
0.027975
0.027760
0.029256
0.027493
0.028387
0.072559
0.029431
0.027815
0.027843
0.027429
0.027889
0.028006
0.029205
0.027950
0.028105
0.068209
0.029098
0.029210
0.028850
0.029409
0.028478
0.027508
0.028032
0.028305
0.028210
0.068113
0.034003
0.027195
0.028264
0.027917
0.028464
0.027678
0.028140
0.027292
0.028424
0.067749
0.029197
0.028587
0.028471
0.029531
0.029218
0.029737
0.028981
0.028142
0.028667
0.068400
0.028828
0.027898
