1.681053
0.038758
0.037416
0.039701
0.037626
0.040887
0.042337
0.068232
0.046156
0.048305
0.091332
0.041391
0.044493
0.040730
0.041353
0.048120
0.045315
0.049762
0.053696
0.037998
0.089039
0.043018
0.044344
0.058602
0.050604
0.047671
0.053438
0.046869
0.054422
0.040317
0.091840
0.041496
0.042109
0.042861
0.088372
0.096267
0.098773
0.077934
0.049572
0.047570
0.089006
0.044743
0.049773
0.042626
0.092687
0.091322
0.124674
0.041744
0.043494
0.061287
0.094364
0.038835
0.039901
0.037551
0.040076
0.079396
0.043781
0.041445
0.044897
0.047149
0.093936
0.039212
0.037884
0.047936
0.038692
0.080010
0.043833
0.041949
0.052132
0.046296
0.090878
0.047162
0.041262
0.040708
0.045930
0.063149
0.047896
0.047830
0.048823
0.054045
0.090039
0.040892
0.042176
0.042870
0.041775
0.067943
0.047510
0.043522
0.039256
0.043356
0.086029
0.040250
0.038999
0.041664
0.043119
0.073740
0.040358
0.084377
0.041690
0.063526
0.100104
0.064847
0.041349
0.052441
0.047526
0.043740
0.063074
0.039554
0.038248
0.042588
0.088494
0.041559
0.038819
0.042758
0.042740
0.043199
0.065372
0.040079
0.051885
0.043456
0.119925
0.068570
0.043523
0.037496
0.038217
0.039988
0.076175
0.042841
0.044030
0.043652
0.091849
0.037934
0.037475
0.078200
0.040654
0.043271
0.057966
0.044478
0.052548
0.047513
0.091843
0.040338
0.044236
0.044805
0.049097
0.046706
0.049140
0.055811
0.040269
0.041302
0.089229
0.043758
0.049567
0.050619
0.050717
0.046118
0.046875
0.050426
0.046158
0.041869
0.094483
0.049312
0.047920
0.047302
0.045480
0.057342
0.037962
0.082042
0.042900
0.043647
0.091020
0.044025
0.043004
0.048394
0.061084
0.040883
0.037889
0.077846
0.047137
0.047691
0.091877
0.091834
0.095863
0.048213
0.093359
0.086901
0.124345
0.093822
0.051124
0.048841
0.092845
0.046538
0.050097
0.051858
0.052993
0.106199
0.041761
0.047171
0.046064
0.048339
0.094602
0.037982
0.088392
0.045499
0.067203
0.043576
0.042538
0.048997
0.044530
0.044071
0.097391
0.049646
0.048066
0.047956
0.056265
0.040213
0.042419
0.043767
0.045957
0.047302
0.091527
0.042617
0.040137
0.040039
0.071162
0.046247
0.049871
0.049689
0.047061
0.049265
0.091267
0.039793
0.038280
0.039270
0.085997
0.039660
0.040688
0.045707
0.048660
0.042178
0.096446
0.037786
0.044369
0.040497
0.067625
0.038589
0.040766
0.041763
0.041110
0.046845
0.088909
0.043573
0.040260
0.043351
0.080059
0.067462
0.049854
0.050666
0.049761
0.050481
0.091759
0.093565
0.073783
0.039650
0.087321
0.059065
0.047670
0.050927
0.048596
0.048020
0.119533
0.047922
0.045023
0.043754
0.046641
0.068166
0.038882
0.039221
0.039443
0.037170
0.086175
0.040679
0.039401
0.037364
0.039436
0.084826
0.043037
0.043604
0.045280
0.051131
0.107506
0.049256
0.062753
0.081271
0.068897
0.044665
0.065419
0.083031
0.056328
0.044693
0.128169
0.043177
0.041625
0.045314
0.043030
0.046237
0.047732
0.042813
0.063881
0.038810
0.085860
0.048749
0.044174
0.046773
0.056982
0.045902
0.051081
0.051990
0.054317
0.079036
0.134823
0.077868
0.077421
0.051150
0.066397
0.083443
0.070910
0.052122
0.063425
0.070550
0.132716
0.040902
0.043342
0.043344
0.042564
0.041981
0.050677
0.047457
0.053954
0.047672
0.110626
0.043392
0.046263
0.046502
0.055565
0.049011
0.050942
0.048412
0.058687
0.057749
0.094173
0.060500
0.054964
0.049606
0.048409
0.049889
0.049023
0.047199
0.045785
0.049223
0.111752
0.043773
0.044287
0.042653
0.042568
0.050365
0.039760
0.037628
0.040917
0.042996
0.133693
0.050771
0.046307
0.045442
0.047856
0.046932
0.048058
0.047337
0.045944
0.057502
0.141541
0.040163
0.037705
0.039274
0.043056
0.043254
0.044655
0.046066
0.046372
0.045638
0.145769
0.037693
0.043391
0.042454
0.045844
0.050573
0.049201
0.046602
0.045358
0.046623
0.122838
0.041636
0.043134
0.043076
0.043456
0.043957
0.052789
0.049590
0.050265
0.050823
0.143801
0.042396
0.041084
0.038632
0.039533
0.040976
0.040332
0.041303
0.047146
0.046248
0.125299
0.041544
0.036980
0.037644
0.037690
0.037908
0.039567
0.041917
0.050421
0.047598
0.095203
0.080802
0.040581
0.051955
0.046103
0.047745
0.047841
0.047317
0.048637
0.046677
0.093969
0.082806
0.046519
0.047522
0.047247
0.047941
0.048154
0.046598
0.044274
0.039398
0.089209
0.045344
0.114379
0.094486
0.093435
0.090732
0.096400
0.095538
0.120038
0.094534
0.116309
0.038652
0.040259
0.045599
0.040992
0.041174
0.044509
0.073200
0.035617
0.039975
0.141321
0.040829
0.045329
0.042826
0.044979
0.045559
0.056663
0.048255
0.046044
0.045222
0.144887
0.039245
0.088835
0.095052
0.093274
0.090680
0.095464
0.090245
0.130261
0.041996
0.091934
0.043526
0.045538
0.047953
0.047176
0.050093
0.047073
0.044252
0.057675
0.037599
0.091665
0.040206
0.045071
0.047698
0.046766
0.045955
0.049700
0.048306
0.063345
0.045134
0.096882
0.049330
0.050656
0.049240
0.046367
0.055078
0.047503
0.041707
0.070083
0.039693
0.091129
0.040115
0.039240
0.038342
0.042352
0.040224
0.038676
0.042339
0.073520
0.040322
0.088506
0.043803
0.077672
0.044172
0.046622
0.043762
0.051054
0.046316
0.059816
0.039241
0.090529
0.044403
0.046721
0.044888
0.047230
0.045082
0.047945
0.049164
0.058393
0.043818
0.093711
0.048275
0.052624
0.048684
0.047885
0.047441
0.046417
0.056113
0.048331
0.048024
0.097068
0.049280
0.046753
0.050221
0.048869
0.044926
0.048416
0.048064
0.057495
0.037661
0.089572
0.043814
0.045648
0.046468
0.046453
0.056342
0.052490
0.048240
0.050494
0.040416
0.093669
0.043861
0.042946
0.044375
0.048232
0.048610
0.052374
0.061291
0.048028
0.041597
0.098197
0.049995
0.048606
0.047610
0.046375
0.045339
0.046906
0.049022
0.056753
0.041983
0.097135
0.038369
0.038331
0.041106
0.042112
0.044824
0.045779
0.047472
0.047802
0.057047
0.089534
0.042122
0.043157
0.056631
0.051061
0.049192
0.049505
0.048771
0.046969
0.048018
0.092290
0.043851
0.046073
0.046661
0.045256
0.046269
0.049995
0.048970
0.056233
0.045173
0.090564
0.047736
0.048236
0.048001
0.045022
0.048624
0.049367
0.049664
0.056553
0.047526
0.094793
0.046535
0.043955
0.048037
0.046287
0.044364
0.048006
0.049867
0.048990
0.058223
0.087427
0.041539
0.041874
0.040928
0.042325
0.045127
0.037067
0.039226
0.045089
0.046317
0.111166
0.047581
0.050909
0.049923
0.051287
0.048203
0.048126
0.057227
0.046195
0.051940
0.108898
0.045710
0.043481
0.045613
0.049126
0.046519
0.048786
0.046731
0.049906
0.048271
0.106636
0.041951
0.045429
0.040483
0.044072
0.044257
0.048701
0.050064
0.046097
0.053915
0.098792
0.050518
0.048799
0.047164
0.045635
0.044626
0.049067
0.049450
0.047371
0.052259
0.099964
0.043901
0.052141
0.045412
0.044630
0.045170
0.045985
0.047108
0.048007
0.047966
0.107573
0.045269
0.045426
0.055233
0.051228
0.046191
0.047923
0.048449
0.049596
0.048019
0.106288
0.043094
0.043650
0.049076
0.046243
0.047494
0.050882
0.049461
0.048249
0.049892
0.109417
0.043512
0.053221
0.043728
0.047631
0.045517
0.051806
0.048112
0.044939
0.049460
0.117756
0.050709
0.042509
0.039366
0.039612
0.040588
0.041916
0.042052
0.045453
0.043977
0.086760
0.083093
0.044855
0.043944
0.048513
0.046339
0.045901
0.047120
0.044801
0.045703
0.096516
0.050542
0.060093
0.046235
0.039875
0.038467
0.039617
0.038805
0.040180
0.043585
0.094506
0.060496
0.046007
0.042106
0.044634
0.045396
0.047272
0.047771
0.058247
0.046034
0.097160
0.083068
0.045961
0.045800
0.048105
0.048464
0.044988
0.047010
0.047542
0.045064
0.089786
0.084491
0.043422
0.043521
0.046265
0.049449
0.048814
0.047623
0.049439
0.051537
0.091819
0.082174
0.042493
0.046092
0.061879
0.045360
0.045189
0.048047
0.049651
0.049473
0.090954
0.079028
0.038618
0.040801
0.045213
0.047338
0.052189
0.045829
0.050671
0.045520
0.095467
0.082418
0.047702
0.046544
0.045275
0.050776
0.053220
0.045987
0.050611
0.051425
0.091693
0.092788
0.044019
0.048204
0.048383
0.046411
0.048266
0.047035
0.050945
0.047727
0.088732
0.082083
0.038899
0.042682
0.053532
0.043166
0.044650
0.047787
0.047115
0.045885
0.095173
0.081061
0.042373
0.045169
0.046922
0.044077
0.044725
0.046414
0.055615
0.047993
0.091188
0.083838
0.046318
0.043863
0.047669
0.046619
0.046699
0.046003
0.046424
0.052630
0.097309
0.083128
0.041611
0.042492
0.042983
0.042929
0.046928
0.046866
0.048331
0.042833
0.094132
0.077461
0.043633
0.039764
0.047323
0.088884
0.091410
0.093094
0.046348
0.047330
0.140320
0.043269
0.045300
0.046746
0.048154
0.043275
0.093228
0.096006
0.051051
0.046564
0.104695
0.096297
0.047229
0.045378
0.058489
0.041829
0.045546
0.040756
0.045750
0.042818
0.135566
0.047371
0.050077
0.056954
0.044359
0.045274
0.043059
0.041512
0.042010
0.040233
0.103145
0.060924
0.040290
0.039900
0.039740
0.037819
0.039411
0.038728
0.041092
0.042449
0.090366
0.076310
0.041711
0.043961
0.039642
0.049595
0.041925
0.043312
0.046871
0.045811
0.090587
0.077690
0.041939
0.041089
0.046025
0.042867
0.042077
0.044135
0.046994
0.047144
0.091428
0.044161
0.057453
0.040849
0.044033
0.040875
0.038548
0.036985
0.037616
0.037555
0.087033
0.039302
0.075185
0.046652
0.044922
0.043472
0.044882
0.044575
0.052089
0.043539
0.090128
0.045053
0.071792
0.038300
0.043167
0.039578
0.040763
0.039078
0.046315
0.046876
0.090694
0.044084
0.073895
0.041440
0.043286
0.043247
0.041921
0.045940
0.047316
0.049627
0.101385
0.072061
0.050211
0.047720
0.049315
0.046808
0.045750
0.045956
0.046041
0.046000
0.093547
0.083041
0.046926
0.043736
0.047133
0.040289
0.052483
0.039965
0.040478
0.043273
0.095447
0.065567
0.040444
0.038582
0.041961
0.040833
0.041991
0.041843
0.049097
0.048395
0.093030
0.080879
0.044445
0.045869
0.089938
0.045336
0.045316
0.043933
0.046038
0.046840
0.125346
0.046170
0.044230
0.044234
0.050451
0.058514
0.045160
0.048193
0.047265
0.043671
0.126716
0.045432
0.047724
0.045092
0.056249
0.049562
0.046876
0.045048
0.047252
0.045675
0.143857
0.042315
0.038352
0.037087
0.040533
0.042055
0.043105
0.043551
0.043198
0.059185
0.090287
0.070518
0.039109
0.068440
0.049886
0.059323
0.039312
0.038196
0.042801
0.041889
0.091558
0.040836
0.071038
0.039837
0.045032
0.044388
0.044923
0.064267
0.046818
0.048456
0.113482
0.072606
0.083538
0.067477
0.050725
0.059304
0.078525
0.081916
0.063668
0.043948
0.099363
0.047879
0.058125
0.076333
0.042002
0.058932
0.047598
0.063344
0.041110
0.043030
0.122654
0.075785
0.042194
0.043892
0.044370
0.042781
0.068783
0.051186
0.052400
0.044905
0.090726
0.038435
0.042354
0.039700
0.043615
0.041642
0.072377
0.043846
0.043790
0.044236
0.091826
0.039741
0.041557
0.042256
0.044048
0.063416
0.076066
0.049805
0.056100
0.040758
0.132339
0.054171
0.064872
0.037393
0.038015
0.040557
0.037990
0.062765
0.039476
0.065995
0.102980
0.041532
0.041173
0.043288
0.047376
0.050319
0.056770
0.042186
0.045745
0.040514
0.093404
0.046259
0.073484
0.070065
0.056646
0.046640
0.058743
0.063355
0.085507
0.048428
0.144471
0.043571
0.043299
0.043184
0.068313
0.079448
0.064239
0.042826
0.074059
0.040699
0.140558
0.044386
0.044986
0.043439
0.039541
0.040686
0.041189
0.045349
0.064368
0.036823
0.090544
0.045812
0.065674
0.075148
0.051913
0.046705
0.048980
0.064025
0.080106
0.083489
0.091373
0.042848
0.068676
0.081918
0.041050
0.039720
0.040016
0.042596
0.050794
0.045429
0.109239
0.041859
0.037493
0.037988
0.041853
0.041574
0.043041
0.049311
0.047072
0.046279
0.144802
0.040584
0.042615
0.054001
0.043591
0.047361
0.048962
0.050716
0.047363
0.047819
0.111186
0.042386
0.040198
0.041196
0.061131
0.044611
0.046275
0.057895
0.049129
0.048445
0.104695
0.047912
0.050772
0.050201
0.049085
0.050156
0.047162
0.054109
0.046856
0.137391
0.096087
0.039549
0.042094
0.037981
0.040524
0.038581
0.039911
0.039679
0.042619
0.072733
0.095361
0.041270
0.041830
0.040199
0.042117
0.044217
0.045532
0.046046
0.048249
0.049855
0.113860
0.057256
0.047914
0.046383
0.045714
0.049284
0.045885
0.060622
0.046587
0.049927
0.110889
0.043475
0.048447
0.042941
0.050385
0.039910
0.037684
0.038750
0.038625
0.041679
0.151216
0.043653
0.047192
0.046526
0.049535
0.049293
0.048598
0.046448
0.050816
0.048446
0.111447
0.042241
0.058419
0.046058
0.041590
0.036799
0.037718
0.037271
0.041433
0.042406
0.133277
0.051852
0.048318
0.046891
0.047778
0.047661
0.049388
0.049450
0.045258
0.047724
0.112972
0.053300
0.044842
0.043288
0.048203
0.048806
0.047199
0.049628
0.049695
0.047579
0.136017
0.055591
0.061920
0.052316
0.046009
0.047597
0.048623
0.053488
0.046892
0.047611
0.138349
0.051165
0.049271
0.053581
0.052850
0.051770
0.044546
0.044778
0.046312
0.048576
0.143390
0.038201
0.041131
0.041814
0.045997
0.043972
0.046418
0.048124
0.048755
0.047734
0.124398
0.049381
0.043512
0.047001
0.051078
0.047951
0.047127
0.049247
0.046650
0.048311
0.152349
0.043663
0.047085
0.041172
0.041655
0.042832
0.039957
0.036686
0.042452
0.036994
0.132766
0.040063
0.044439
0.035363
0.040285
0.038197
0.037463
0.039911
0.041334
0.039750
0.143872
0.039409
0.043281
0.045583
0.045787
0.047709
0.046506
0.048163
0.049711
0.047072
0.129776
0.049678
0.048872
0.042182
0.044640
0.039927
0.038062
0.040458
0.040164
0.039174
0.087483
0.085182
0.038667
0.038777
0.041491
0.041728
0.041322
0.039528
0.042072
0.050441
0.101190
0.085691
0.048033
0.046186
0.048852
0.052521
0.050556
0.047187
0.047982
0.048462
0.099213
0.082044
0.047109
0.048630
0.047914
0.048262
0.056314
0.051547
0.053602
0.054655
0.095185
0.077952
0.042224
0.043060
0.047471
0.047526
0.050889
0.045018
0.050120
0.045591
0.090501
0.082374
0.044914
0.045686
0.050539
0.048285
0.044655
0.043962
0.045775
0.046523
0.091534
0.078330
0.040349
0.039471
0.046381
0.040184
0.045557
0.045953
0.044583
0.049009
0.092503
0.082196
0.043770
0.050696
0.047225
0.050116
0.051792
0.047635
0.045595
0.046031
0.094090
0.083114
0.046747
0.045712
0.048571
0.044852
0.045833
0.046383
0.047848
0.044922
0.097885
0.073555
0.039765
0.047202
0.044606
0.040876
0.043149
0.044197
0.044574
0.047855
0.093390
0.079698
0.040214
0.042565
0.051513
0.040394
0.040610
0.041403
0.040887
0.042349
0.090494
0.067100
0.040352
0.039362
0.042840
0.046043
0.046696
0.045568
0.047708
0.049458
0.090586
0.082462
0.041610
0.044511
0.046405
0.045411
0.049393
0.046245
0.049652
0.046746
0.090992
0.081240
0.048334
0.043833
0.047353
0.046274
0.062329
0.054541
0.050236
0.047398
0.136551
0.053862
0.059990
0.046438
0.045981
0.047478
0.062412
0.039939
0.039304
0.042765
0.093744
0.065423
0.047433
0.058458
0.053410
0.051963
0.048840
0.056750
0.042680
0.041284
0.090354
0.080782
0.041138
0.041164
0.042904
0.042323
0.046832
0.045676
0.043941
0.045327
0.092526
0.072619
0.040977
0.040654
0.039678
0.038189
0.039176
0.039955
0.042693
0.040662
0.086124
0.120949
0.041469
0.069923
0.034212
0.027300
0.068043
0.028435
0.028106
0.027200
0.066421
0.028993
0.030891
0.027470
0.027808
0.028908
0.028599
0.027159
0.027149
0.037253
0.108107
0.060775
0.048284
0.034405
0.032860
0.033058
0.034248
0.032183
0.033402
0.031833
0.073681
0.041881
0.033417
0.040478
0.037094
0.039676
0.038333
0.065379
0.049111
0.086872
0.210216
0.105119
0.110332
0.103296
0.112579
0.115214
0.112275
0.089029
0.040463
0.040558
0.087215
0.044272
0.048651
0.049610
0.046002
0.046432
0.064224
0.040134
0.038741
0.039700
0.092390
0.046346
0.043997
0.045221
0.043403
0.044061
0.046808
0.062539
0.042880
0.042259
0.091582
0.047024
0.047332
0.049194
0.049277
0.048228
0.058731
0.063338
0.037747
0.038257
0.085798
0.038105
0.039630
0.040340
0.039984
0.042751
0.045240
0.083294
0.048584
0.050867
0.093370
0.039062
0.044367
0.044082
0.038477
0.037039
0.045110
0.073115
0.043535
0.043610
0.097908
0.042202
0.042861
0.039766
0.038654
0.039280
0.040796
0.072713
0.038834
0.041936
0.094393
0.039504
0.037460
0.037439
0.053864
0.039677
0.044188
0.055524
0.040856
0.038099
0.091938
0.044076
0.050260
0.048479
0.050016
0.047535
0.050658
0.048765
0.057632
0.037823
0.087329
0.044729
0.050752
0.044359
0.049711
0.050883
0.046680
0.064827
0.049859
0.050555
0.094078
0.047226
0.041760
0.041512
0.039477
0.043556
0.045120
0.071510
0.040483
0.042170
0.089473
0.040816
0.038961
