12.424176
0.896642
0.027523
0.031981
0.032088
0.032000
0.032615
0.032801
0.032578
0.032390
0.087954
0.032471
0.031532
0.032431
0.087300
0.089081
0.032144
0.031990
0.086618
0.088084
0.086864
0.031186
0.030807
0.031288
0.031830
0.031528
0.030843
0.031683
0.030829
0.032809
0.086924
0.031803
0.031798
0.036232
0.031880
0.031961
0.032377
0.031892
0.032004
0.031637
0.087394
0.031845
0.031276
0.031765
0.031600
0.090883
0.031629
0.031938
0.086286
0.032291
0.089516
0.089695
0.088172
0.088255
0.087503
0.033186
0.088825
0.087733
0.086510
0.032260
0.086063
0.031108
0.031728
0.031774
0.034440
0.032527
0.031248
0.031943
0.031377
0.031942
0.087370
0.034935
0.032485
0.031280
0.031548
0.033195
0.032568
0.031459
0.087962
0.031847
0.086132
0.031399
0.032402
0.031874
0.031663
0.031021
0.032323
0.035405
0.031469
0.031423
0.087978
0.032288
0.035482
0.032537
0.031989
0.032387
0.031621
0.032127
0.031533
0.031469
0.088344
0.032046
0.031304
0.032508
0.031992
0.031102
0.031595
0.032861
0.031700
0.033062
0.088515
0.032036
0.030988
0.031546
0.031792
0.032927
0.031505
0.031925
0.032831
0.032043
0.087276
0.032074
0.031146
0.031555
0.031239
0.032100
0.031704
0.031355
0.031289
0.087053
0.087160
0.032185
0.031214
0.031636
0.031412
0.031858
0.031517
0.032393
0.031870
0.031326
0.086883
0.031390
0.031372
0.031885
0.031528
0.031748
0.032107
0.032261
0.032322
0.031717
0.087880
0.031968
0.031533
0.031609
0.031713
0.032082
0.031855
0.031586
0.031507
0.031470
0.088334
0.032190
0.031796
0.032202
0.031999
0.031807
0.031804
0.031900
0.031793
0.032141
0.087910
0.032201
0.031996
0.032405
0.032139
0.033272
0.032228
0.032208
0.031869
0.033003
0.088846
0.031679
0.032215
0.032610
0.031466
0.032352
0.031880
0.031845
0.031471
0.032124
0.088735
0.031882
0.032340
0.032291
0.032761
0.031822
0.031765
0.032298
0.033494
0.031956
0.088436
0.031762
0.031600
0.031502
0.031480
0.033218
0.031837
0.031634
0.032173
0.032178
0.087774
0.032698
0.031759
0.032043
0.031456
0.032205
0.031930
0.032422
0.031549
0.031325
0.088873
0.032276
0.031698
0.032938
0.031799
0.032277
0.032036
0.032123
0.031593
0.031957
0.089711
0.032224
0.032395
0.032387
0.032988
0.033113
0.032025
0.032297
0.032489
0.032784
0.088202
0.032706
0.032746
0.032680
0.086721
0.031877
0.031963
0.032312
0.032762
0.032198
0.088387
0.032597
0.034340
0.031995
0.031999
0.032270
0.032336
0.032331
0.031977
0.032624
0.088150
0.031749
0.031252
0.032235
0.032890
0.031993
0.032258
0.031443
0.031851
0.031662
0.087826
0.032344
0.031484
0.032410
0.031552
0.032563
0.031628
0.031928
0.031577
0.032522
0.087351
0.032331
0.032161
0.031814
0.031833
0.032485
0.031888
0.032221
0.032113
0.030890
0.088324
0.032116
0.032050
0.032274
0.031670
0.032056
0.032053
0.031506
0.031398
0.031119
0.087538
0.032219
0.031932
0.031498
0.032514
0.032501
0.031602
0.032477
0.031553
0.032201
0.087745
0.031948
0.033096
0.031841
0.030463
0.031142
0.031481
0.030963
0.031119
0.031203
0.087503
0.031850
0.031391
0.033159
0.032296
0.031564
0.032536
0.032066
0.031669
0.031994
0.087833
0.031504
0.032084
0.031549
0.030354
0.030762
0.031574
0.030979
0.030922
0.031191
0.086351
0.032311
0.031002
0.031086
0.031128
0.031873
0.032176
0.031286
0.031200
0.032161
0.087586
0.031323
0.031099
0.031445
0.031961
0.031506
0.032069
0.032195
0.030998
0.031619
0.087645
0.031548
0.031830
0.032019
0.031964
0.032137
0.031314
0.032057
0.031548
0.032358
0.087747
0.036409
0.031553
0.032088
0.087666
0.087728
0.031988
0.032313
0.031313
0.032084
0.087369
0.031698
0.031217
0.032476
0.032070
0.031493
0.032338
0.031779
0.031924
0.032822
0.088397
0.031994
0.031146
0.031894
0.031806
0.031979
0.031833
0.087884
0.031511
0.088467
0.086149
0.031495
0.031337
0.031214
0.030587
0.031597
0.031354
0.032089
0.032278
0.032103
0.090059
0.033015
0.032335
0.032612
0.031940
0.033309
0.032292
0.032085
0.032172
0.032141
0.088768
0.031976
0.031837
0.031808
0.031647
0.033381
0.032171
0.087426
0.032403
0.035402
0.088887
0.087168
0.087097
0.086538
0.085584
0.032267
0.085788
0.087223
0.087791
0.033650
0.086641
0.032622
0.032089
0.088887
0.031557
0.086450
0.086656
0.086487
0.031688
0.032128
0.088506
0.032141
0.032969
0.036390
0.031428
0.031565
0.031150
0.031801
0.032260
0.032557
0.087210
0.031591
0.032404
0.032210
0.032244
0.031994
0.032019
0.031730
0.032206
0.032160
0.087778
0.087530
0.031574
0.032069
0.031806
0.032515
0.032202
0.089182
0.032362
0.087321
0.086257
0.032136
0.031619
0.031728
0.032105
0.033665
0.033872
0.042751
0.033135
0.033368
0.091886
0.033916
0.032680
0.032182
0.032103
0.032644
0.031141
0.032425
0.031761
0.031672
0.088260
0.033748
0.032247
0.032723
0.032069
0.032342
0.031780
0.032479
0.032364
0.032049
0.086643
0.032051
0.031850
0.032150
0.031691
0.031809
0.032105
0.032031
0.031621
0.032647
0.088566
0.032541
0.031847
0.032688
0.031942
0.032382
0.032048
0.032393
0.031939
0.032237
0.088319
0.033538
0.031430
0.031853
0.032239
0.032284
0.032306
0.032404
0.031880
0.032043
0.087460
0.033225
0.032183
0.031911
0.032659
0.032250
0.035949
0.032248
0.031425
0.032504
0.087433
0.032161
0.031889
0.031629
0.036081
0.031677
0.032068
0.031610
0.031672
0.032964
0.088443
0.032036
0.032469
0.031866
0.032155
0.033136
0.031957
0.032212
0.031987
0.032485
0.087529
0.030837
0.031627
0.031990
0.032158
0.033115
0.031886
0.032504
0.031897
0.032636
0.087242
0.031171
0.031750
0.031843
0.032238
0.032488
0.031936
0.031933
0.031408
0.032045
0.087253
0.031324
0.031415
0.031322
0.032727
0.032729
0.031700
0.031334
0.032076
0.031748
0.089859
0.031781
0.031976
0.031394
0.031642
0.088089
0.030981
0.086379
0.031812
0.032119
0.087378
0.031477
0.032495
0.030453
0.030987
0.032038
0.031978
0.032012
0.031862
0.031807
0.087163
0.031958
0.031699
0.031783
0.031367
0.032703
0.031558
0.032867
0.033827
0.032313
0.087846
0.031618
0.031798
0.032020
0.031455
0.031882
0.031338
0.031645
0.031825
0.031801
0.088121
0.031698
0.031240
0.032427
0.032097
0.032826
0.031672
0.031967
0.031602
0.031973
0.087451
0.032407
0.031461
0.031849
0.031547
0.030992
0.032049
0.032205
0.032670
0.032073
0.087817
0.032155
0.031728
0.031718
0.031251
0.031872
0.031867
0.032012
0.031552
0.031743
0.086730
0.031435
0.032349
0.031907
0.031703
0.032474
0.031565
0.031698
0.032291
0.032032
0.087277
0.032096
0.031190
0.032731
0.031355
0.032249
0.031706
0.031985
0.032265
0.032502
0.089031
0.032149
0.032187
0.031727
0.031696
0.032525
0.031721
0.032012
0.031312
0.032400
0.088117
0.031870
0.031442
0.032179
0.032148
0.032797
0.031926
0.032978
0.031889
0.031460
0.087473
0.031321
0.032049
0.031191
0.031149
0.033997
0.031606
0.031840
0.031302
0.032114
0.088089
0.032531
0.031376
0.031320
0.032977
0.031931
0.031366
0.031562
0.031634
0.031909
0.087244
0.032542
0.031787
0.036302
0.032020
0.032629
0.031570
0.031749
0.031864
0.031782
0.091104
0.031772
0.031201
0.032132
0.031019
0.031583
0.031366
0.032025
0.031733
0.031925
0.087721
0.032008
0.031634
0.032006
0.031553
0.031872
0.030864
0.031414
0.031346
0.031742
0.088123
0.031925
0.031692
0.031806
0.031395
0.031560
0.032490
0.031780
0.031974
0.032958
0.087622
0.031927
0.032260
0.031574
0.031757
0.031666
0.031533
0.031374
0.031084
0.032192
0.087767
0.032091
0.031505
0.031763
0.031566
0.030827
0.031877
0.031358
0.031921
0.032550
0.088832
0.031925
0.031889
0.031830
0.031134
0.031375
0.031379
0.031681
0.031968
0.031804
0.087904
0.031622
0.032236
0.032683
0.031795
0.032415
0.032241
0.032639
0.031788
0.031827
0.089215
0.031454
0.031253
0.031965
0.031927
0.032129
0.032205
0.032054
0.031855
0.032386
0.087625
0.031832
0.031421
0.032258
0.031600
0.032417
0.032742
0.033044
0.032120
0.031674
0.087954
0.031941
0.031705
0.032081
0.032149
0.031878
0.032141
0.032521
0.032482
0.033962
0.089667
0.033569
0.032860
0.032146
0.031423
0.032977
0.032085
0.031942
0.032410
0.034447
0.087531
0.032427
0.031795
0.032393
0.031989
0.032660
0.032131
0.032326
0.033844
0.031933
0.089711
0.032172
0.031676
0.031892
0.031449
0.032433
0.031945
0.032631
0.031613
0.032440
0.088088
0.031972
0.031689
0.032119
0.031760
0.032238
0.032070
0.032740
0.032192
0.031755
0.088660
0.032376
0.031702
0.034275
0.033456
0.032692
0.035962
0.032309
0.031775
0.032688
0.090837
0.032375
0.032156
0.034514
0.032809
0.032514
0.031951
0.032704
0.032009
0.032057
0.087744
0.031593
0.032231
0.032118
0.031877
0.033223
0.035616
0.032690
0.032508
0.031930
0.087559
0.031245
0.032418
0.033606
0.030801
0.031518
0.031219
0.032907
0.031652
0.031699
0.087196
0.031193
0.031690
0.031610
0.031933
0.031141
0.032239
0.031773
0.030996
0.031541
0.087705
0.031760
0.031773
0.031711
0.031358
0.032884
0.031350
0.031406
0.031481
0.032041
0.087409
0.031688
0.031403
0.032184
0.031257
0.032305
0.031757
0.031745
0.031884
0.031790
0.088267
0.031726
0.031277
0.031812
0.032167
0.031955
0.032271
0.034143
0.031313
0.032138
0.087574
0.031911
0.031815
0.031838
0.031399
0.031826
0.034246
0.032133
0.032654
0.033229
0.089184
0.032527
0.032375
0.032737
0.031485
0.032522
0.031749
0.032313
0.031785
0.032481
0.088815
0.034431
0.031796
0.032851
0.031963
0.031965
0.031967
0.034702
0.032055
0.034452
0.087069
0.031268
0.031360
0.031612
0.030993
0.031706
0.031474
0.032255
0.031894
0.032520
0.087708
0.031319
0.031135
0.031742
0.030854
0.031827
0.035238
0.032112
0.031117
0.032340
0.087480
0.031461
0.031200
0.031265
0.031349
0.031804
0.031799
0.032857
0.032363
0.031380
0.087898
0.032024
0.031855
0.031904
0.031665
0.031858
0.031500
0.032010
0.031272
0.031548
0.087688
0.031899
0.031347
0.031225
0.031399
0.030996
0.030879
0.031640
0.031073
0.031013
0.087942
0.031677
0.032546
0.031777
0.031497
0.031530
0.031938
0.032008
0.032416
0.031775
0.088678
0.031808
0.031929
0.031922
0.032103
0.032733
0.033327
0.032053
0.031205
0.032168
0.086968
0.035393
0.031232
0.032135
0.031355
0.031492
0.032611
0.033089
0.032445
0.032290
0.087548
0.032082
0.030900
0.032288
0.031695
0.032110
0.034588
0.032055
0.032029
0.031362
0.086517
0.031553
0.031329
0.031698
0.031403
0.034603
0.032188
0.032120
0.031894
0.032196
0.087236
0.031632
0.031809
0.031698
0.031219
0.031348
0.031818
0.031683
0.031135
0.032043
0.087655
0.031729
0.031863
0.031878
0.031556
0.031370
0.031955
0.031800
0.030937
0.031837
0.086944
0.031645
0.031570
0.031655
0.031083
0.031992
0.032556
0.032325
0.035099
0.031861
0.088075
0.031781
0.031855
0.032452
0.031179
0.031570
0.032112
0.033117
0.033152
0.031970
0.087622
0.031649
0.034015
0.032740
0.031273
0.031725
0.031731
0.032102
0.031004
0.031780
0.087548
0.031938
0.033233
0.032124
0.032111
0.032320
0.031281
0.088168
0.086971
0.086717
0.086058
0.086583
0.087536
0.087357
0.086501
0.086552
0.031417
0.031608
0.031410
0.032084
0.087755
0.032158
0.032196
0.031097
0.030996
0.031768
0.031320
0.031596
0.031741
0.031528
0.089472
0.031335
0.031540
0.031604
0.031427
0.031543
0.031411
0.032015
0.032059
0.031235
0.087721
0.032195
0.036497
0.031881
0.031400
0.031678
0.031512
0.031339
0.031756
0.031400
0.087773
0.031353
0.031579
0.031908
0.031559
0.030865
0.031153
0.030865
0.031657
0.031277
0.086567
0.030623
0.030987
0.031405
0.030543
0.031886
0.029803
0.031675
0.031532
0.032365
0.086766
0.031315
0.031843
0.031206
0.032169
0.031472
0.032992
0.031598
0.032143
0.032102
0.087564
0.032357
0.088319
0.031814
0.030855
0.031343
0.031487
0.031380
0.031890
0.031545
0.087743
0.031256
0.030941
0.030627
0.031487
0.032270
0.031785
0.087500
0.086744
0.086638
0.086451
0.086453
0.086856
0.031620
0.086842
0.031593
0.032401
0.030929
0.032030
0.031309
0.085945
0.030542
0.030787
0.031309
0.031256
0.031337
0.031369
0.030596
0.030909
0.031206
0.086984
0.032690
0.031242
0.031385
0.030340
0.031434
0.031803
0.031580
0.030452
0.031404
0.087702
0.030942
0.030048
0.032045
0.031018
0.030557
0.030349
0.030889
0.030516
0.031122
0.087212
0.030563
0.030239
0.031662
0.032172
0.032151
0.086404
0.033742
0.032084
0.087657
0.086520
0.031322
0.031981
0.086639
0.031583
0.088880
0.088582
0.031496
0.031297
0.031829
0.086637
0.033200
0.087366
0.086112
0.088396
0.031421
0.031862
0.090321
0.086609
0.031631
0.087259
0.087267
0.086582
0.031397
0.031687
0.087618
0.031101
0.031230
0.031145
0.031482
0.085857
0.030955
0.031527
0.031300
0.031217
0.031024
0.031109
0.031996
0.031471
0.030964
0.090468
0.032273
0.032163
0.031270
0.031599
0.031185
0.031330
0.031241
0.032145
0.030784
0.089547
0.030977
0.031447
0.031121
0.033545
0.031445
0.031405
0.031005
0.031909
0.031533
0.086667
0.030996
0.031471
0.031509
0.031756
0.032290
0.031913
0.031523
0.031585
0.034760
0.087387
0.032523
0.030853
0.031335
0.031159
0.031490
0.031044
0.031224
0.032004
0.031808
0.087470
0.031503
0.030992
0.031060
0.031172
0.087205
0.087901
0.087239
0.031040
0.030679
0.085572
0.030845
0.087402
0.086171
0.086770
0.032416
0.031500
0.030272
0.030699
0.087168
0.085647
0.030739
0.031693
0.086440
0.086199
0.085953
0.032255
0.086720
0.086248
0.086603
0.087431
0.030747
0.030684
0.031413
0.031569
0.031306
0.031137
0.031603
0.032178
0.032729
0.087951
0.031752
0.031856
0.031275
0.031790
0.031097
0.031252
0.031550
0.032541
0.031815
0.086896
0.032064
0.030971
0.031330
0.030985
0.031968
0.032223
0.032015
0.031800
0.031383
0.087989
0.031795
0.032037
0.032941
0.031787
0.033302
0.032553
0.031480
0.032862
0.031413
0.087269
0.031947
0.031312
0.031953
0.032418
0.031777
0.031308
0.031782
0.034529
0.032341
0.088427
0.031495
0.032367
0.031896
0.032766
0.031839
0.032560
0.032095
0.031828
0.031292
0.087577
0.031903
0.032243
0.032130
0.032549
0.031951
0.031875
0.032106
0.032264
0.031437
0.088757
0.031489
0.032577
0.033262
0.032364
0.031517
0.031764
0.032866
0.031722
0.032094
0.087839
0.032095
0.032259
0.031734
0.031520
0.032337
0.031406
0.032185
0.031576
0.032564
0.088146
0.032133
0.032089
0.032428
0.032041
0.032203
0.031750
0.032474
0.032303
0.031662
0.088042
0.031876
0.031832
0.031714
0.031599
0.031863
0.031831
0.031055
0.031800
0.032226
0.087965
0.033214
0.032113
0.031791
0.032160
0.032317
0.032162
0.032733
0.031943
0.032737
0.088133
0.032279
0.032200
0.032204
0.032274
0.032137
0.033071
0.031740
0.033023
0.032173
0.088748
0.032283
0.032410
0.031224
0.032239
0.032323
0.032147
0.032336
0.031958
0.031037
0.088203
0.031439
0.031326
0.031542
0.032037
0.032331
0.032097
0.032151
0.031724
0.034652
0.087604
0.031606
0.031681
0.031991
0.031681
0.031500
0.031907
0.032779
0.032167
0.031220
0.087857
0.032023
0.033250
0.032011
0.032281
0.031725
0.031805
0.032109
0.032158
0.032455
0.087838
0.031854
0.031914
0.032047
0.031389
0.032252
0.032193
0.032091
0.031705
0.031284
0.087966
0.031832
0.031529
0.031935
0.032140
0.031733
0.036723
0.031698
0.031579
0.033238
0.087934
0.031784
0.032032
0.031787
0.031351
0.032295
0.032036
0.031959
0.031990
0.034257
0.089358
0.032509
0.031906
0.031743
0.031611
0.031707
0.031230
0.032561
0.032297
0.031886
0.087872
0.033808
0.032375
0.032342
0.031872
0.032620
0.032147
0.031698
0.032165
0.031577
0.087322
0.032673
0.032996
0.031257
0.031955
0.031309
0.034667
0.031492
0.032697
0.031643
0.088019
0.031552
0.031440
0.031196
0.031810
0.033185
0.031726
0.031999
0.031462
0.032425
0.087718
0.031199
0.087126
0.086414
0.087585
0.087057
0.031110
0.031843
0.031256
0.031434
0.091139
0.086021
0.086474
0.031728
0.031169
0.031843
0.030899
0.031215
0.031093
0.032889
0.087410
0.031927
0.031287
0.086452
0.031704
0.031038
0.031273
0.031519
0.031486
0.031725
0.087687
0.031603
0.031513
0.032785
0.032527
0.031174
0.031914
0.031751
0.032138
0.032184
0.087016
0.031982
0.031581
0.031353
0.032053
0.033618
0.031230
0.032171
0.031572
0.032077
0.088016
0.032332
0.032045
0.035020
0.031822
0.031549
0.032011
0.032481
0.032485
0.031389
0.087277
0.031726
0.031594
0.032214
0.031744
0.031677
0.033094
0.031373
0.032019
0.031530
0.086913
0.031859
0.031382
0.032068
0.031819
0.031731
0.030955
0.031717
0.031699
0.031492
0.086942
0.033208
0.031853
