8.059750
1.121181
0.063697
0.106909
0.144779
0.084579
0.049389
0.086019
0.124273
0.071261
0.158328
0.088193
0.075874
0.078080
0.108881
0.083882
0.107582
0.079878
0.083083
0.076656
0.100785
0.082801
0.081210
0.079098
0.084666
0.091877
0.078877
0.084244
0.083134
0.079887
0.143728
0.105390
0.094193
0.098253
0.091336
0.095711
0.075633
0.075119
0.139033
0.079710
0.109546
0.093127
0.080601
0.084121
0.069952
0.113507
0.076566
0.089189
0.081826
0.087017
0.171073
0.065943
0.073151
0.074286
0.083136
0.101818
0.092070
0.046627
0.107794
0.101825
0.167375
0.071893
0.078165
0.102358
0.053670
0.091458
0.092613
0.078748
0.086492
0.116843
0.175011
0.085394
0.073164
0.075098
0.083904
0.115051
0.081418
0.088464
0.081454
0.078249
0.195243
0.072846
0.078363
0.094846
0.076675
0.094859
0.120320
0.096541
0.102968
0.153400
0.160305
0.075393
0.088500
0.075843
0.085179
0.061755
0.097511
0.089570
0.130790
0.062672
0.119112
0.098102
0.114964
0.090322
0.080058
0.098400
0.101887
0.056844
0.041053
0.137839
0.169587
0.094420
0.068276
0.063990
0.081280
0.070669
0.085447
0.134397
0.102040
0.102827
0.182893
0.127723
0.070401
0.096712
0.082294
0.112328
0.130689
0.105604
0.102158
0.106538
0.208106
0.111773
0.125949
0.159286
0.079229
0.119289
0.075809
0.048589
0.090307
0.085346
0.154044
0.073521
0.079085
0.108357
0.134319
0.106541
0.104215
0.112107
0.096029
0.149494
0.194428
0.111499
0.129161
0.124343
0.097614
0.089978
0.141226
0.080685
0.061341
0.088472
0.134556
0.079923
0.072844
0.073969
0.081560
0.103811
0.125552
0.083026
0.119234
0.080983
0.142192
0.086677
0.083304
0.075480
0.070687
0.084941
0.118316
0.083508
0.079798
0.051975
0.133268
0.066609
0.054690
0.040527
0.075705
0.084497
0.079780
0.081701
0.112816
0.098504
0.154099
0.090015
0.045024
0.058163
0.045319
0.067367
0.045552
0.044412
0.080184
0.135954
0.131586
0.069868
0.133023
0.083163
0.082581
0.077022
0.075793
0.074098
0.077562
0.088354
0.132521
0.074742
0.162281
0.106965
0.084132
0.090147
0.080089
0.076027
0.071790
0.063222
0.188475
0.089672
0.140894
0.086006
0.078984
0.076166
0.096426
0.095430
0.084209
0.108766
0.137068
0.111922
0.041439
0.101940
0.086355
0.089816
0.083193
0.087240
0.068682
0.120796
0.149400
0.090594
0.081060
0.134220
0.092936
0.089818
0.102702
0.087952
0.102551
0.095678
0.168118
0.125898
0.039967
0.079762
0.078017
0.089927
0.088673
0.085382
0.147584
0.093363
0.214661
0.070006
0.042984
0.078716
0.074340
0.070883
0.101884
0.111267
0.091292
0.093341
0.221880
0.121475
0.117970
0.100394
0.090615
0.100114
0.097467
0.106526
0.102120
0.133846
0.156696
0.092881
0.131974
0.103255
0.112405
0.129684
0.096236
0.111684
0.078522
0.079113
0.154821
0.105285
0.114649
0.082575
0.103236
0.091780
0.091003
0.088660
0.081883
0.092462
0.179977
0.075944
0.097675
0.111920
0.135021
0.091164
0.091089
0.080236
0.085644
0.088189
0.147423
0.140539
0.085057
0.060122
0.095736
0.072239
0.067223
0.102665
0.079511
0.072563
0.154223
0.104266
0.114417
0.109057
0.111229
0.088545
0.077603
0.040694
0.073379
0.041752
0.191987
0.110573
0.087581
0.151569
0.081768
0.091739
0.135840
0.046941
0.088091
0.143165
0.147567
0.084010
0.121266
0.074467
0.115032
0.091250
0.100706
0.121737
0.052417
0.048330
0.189258
0.092372
0.077632
0.080268
0.100177
0.090307
0.091437
0.092435
0.087285
0.084668
0.211336
0.073890
0.069192
0.081711
0.098935
0.095422
0.089596
0.080158
0.091782
0.119434
0.170512
0.060156
0.139812
0.160661
0.135790
0.145065
0.080602
0.082518
0.188643
0.127147
0.150230
0.075106
0.083146
0.089486
0.093660
0.084082
0.073147
0.087813
0.096270
0.182060
0.152155
0.122902
0.084644
0.116655
0.103426
0.113121
0.091150
0.095071
0.094489
0.067979
0.156712
0.101133
0.088060
0.084649
0.089381
0.082920
0.086707
0.077513
0.122964
0.084091
0.151638
0.073606
0.092895
0.066742
0.107148
0.074940
0.080441
0.090586
0.111017
0.078488
0.160190
0.039802
0.040647
0.079119
0.069785
0.085445
0.036471
0.070184
0.061857
0.053086
0.196830
0.110621
0.109314
0.078130
0.043900
0.085878
0.088450
0.088216
0.091760
0.096506
0.094264
0.096965
0.101351
0.079646
0.080827
0.097673
0.105320
0.104497
0.088386
0.108537
0.135674
0.116220
0.062357
0.102435
0.085793
0.085910
0.086020
0.084779
0.088530
0.114937
0.165193
0.156085
0.121696
0.063803
0.131663
0.101437
0.089321
0.080199
0.077989
0.086722
0.174503
0.131498
0.051594
0.118252
0.073286
0.104858
0.082509
0.086124
0.076780
0.078079
0.161529
0.100039
0.087836
0.086033
0.115274
0.090913
0.080700
0.081254
0.127413
0.094349
0.182150
0.102008
0.104657
0.089483
0.100384
0.058457
0.050910
0.078807
0.080238
0.079005
0.170029
0.125123
0.097823
0.085062
0.082789
0.080954
0.080868
0.089515
0.044532
0.082574
0.189014
0.125671
0.089277
0.088250
0.086497
0.113735
0.091496
0.083660
0.085196
0.099073
0.140179
0.112954
0.101312
0.092000
0.087589
0.088412
0.038066
0.086865
0.080377
0.101757
0.210325
0.087205
0.161496
0.077060
0.089963
0.126204
0.084638
0.063125
0.095859
0.125254
0.253015
0.116888
0.102763
0.097216
0.105325
0.117604
0.127355
0.122310
0.093615
0.090065
0.177149
0.090507
0.072893
0.099883
0.111730
0.100067
0.098977
0.085870
0.086601
0.072376
0.213274
0.121301
0.085088
0.069114
0.080726
0.076865
0.127855
0.096120
0.080341
0.083462
0.177311
0.120914
0.083876
0.040921
0.118772
0.080708
0.129488
0.134909
0.075492
0.045865
0.167995
0.104884
0.079574
0.083579
0.101255
0.140650
0.105517
0.104450
0.095317
0.094392
0.213473
0.088830
0.099586
0.081163
0.085188
0.088888
0.078958
0.084831
0.097311
0.089862
0.186553
0.072414
0.073913
0.114107
0.097820
0.078900
0.089562
0.072365
0.078855
0.088946
0.165475
0.101286
0.113994
0.063969
0.042759
0.049018
0.045446
0.084507
0.079118
0.089921
0.164109
0.067178
0.100869
0.123608
0.113678
0.090458
0.132980
0.080857
0.164355
0.094262
0.163430
0.055456
0.135527
0.094173
0.100170
0.082943
0.088826
0.083316
0.082039
0.076622
0.151439
0.084410
0.139198
0.077484
0.127389
0.082856
0.088623
0.077755
0.080848
0.116210
0.146005
0.084689
0.115098
0.101031
0.089915
0.074744
0.085731
0.093232
0.091299
0.089377
0.168059
0.092307
0.077250
0.077628
0.111990
0.077823
0.039244
0.081659
0.092127
0.084883
0.147411
0.082261
0.081236
0.142335
0.151444
0.082989
0.069327
0.083050
0.082673
0.087406
0.150264
0.084477
0.094379
0.160200
0.084105
0.066076
0.092465
0.072188
0.104265
0.088141
0.143861
0.076337
0.123994
0.106718
0.083501
0.089236
0.093007
0.103658
0.100883
0.091562
0.142450
0.075031
0.111418
0.120034
0.084066
0.086718
0.078665
0.104668
0.080014
0.087889
0.157863
0.095291
0.133138
0.090081
0.127852
0.091218
0.090214
0.088000
0.086986
0.085003
0.149254
0.151927
0.083862
0.130816
0.078019
0.079139
0.087911
0.107601
0.090663
0.085581
0.145768
0.098572
0.085432
0.087802
0.072550
0.078884
0.080556
0.076319
0.070425
0.091094
0.165645
0.071755
0.067856
0.116403
0.097219
0.088140
0.083001
0.077167
0.082003
0.081629
0.143909
0.091852
0.076880
0.120260
0.118521
0.074372
0.102377
0.126645
0.052733
0.123556
0.204738
0.164976
0.102461
0.131169
0.108822
0.104512
0.118426
0.136133
0.125652
0.138876
0.155441
0.130672
0.124463
0.146384
0.098354
0.101000
0.135668
0.121959
0.117726
0.093423
0.208693
0.101214
0.108727
0.121607
0.077572
0.089473
0.128596
0.098873
0.083924
0.107036
0.198590
0.094474
0.087372
0.150989
0.096404
0.133364
0.078352
0.085274
0.079061
0.088685
0.148398
0.079585
0.122786
0.076125
0.150275
0.102951
0.091676
0.113908
0.081494
0.096470
0.194726
0.120096
0.131995
0.150264
0.106888
0.115628
0.114776
0.096655
0.078069
0.116943
0.189447
0.091711
0.108615
0.194009
0.129263
0.071440
0.105102
0.131666
0.076282
0.087480
0.181495
0.096410
0.121946
0.195544
0.172616
0.219390
0.156799
0.111994
0.166208
0.162092
0.207853
0.166617
0.154374
0.186316
0.160321
0.156604
0.090421
0.188988
0.200176
0.218126
0.152249
0.174742
0.237579
0.187990
0.192909
0.081599
0.041660
0.249866
0.142754
0.080933
0.183691
0.088282
0.077157
0.082731
0.076040
0.087321
0.089589
0.111853
0.078742
0.114787
0.157789
0.094721
0.094216
0.092463
0.107387
0.092545
0.104087
0.123487
0.101339
0.093541
0.167934
0.091376
0.082913
0.073741
0.083658
0.099010
0.103356
0.102948
0.110288
0.113034
0.124058
0.082200
0.060205
0.039443
0.109160
0.102240
0.108930
0.107734
0.113918
0.097226
0.156332
0.111280
0.120899
0.105195
0.083697
0.116581
0.076434
0.074362
0.072402
0.092542
0.148051
0.086270
0.127174
0.119452
0.126462
0.123583
0.095585
0.125132
0.089257
0.116695
0.155408
0.092976
0.125472
0.097061
0.079776
0.156021
0.116646
0.121284
0.110691
0.105352
0.246931
0.106923
0.107294
0.079519
0.151779
0.175582
0.120564
0.132328
0.103710
0.090912
0.148050
0.085819
0.049443
0.094748
0.083379
0.087842
0.101599
0.117667
0.086019
0.087976
0.176477
0.081934
0.079925
0.113278
0.084524
0.101025
0.089688
0.104522
0.107699
0.053907
0.113025
0.100257
0.061248
0.120403
0.105436
0.094088
0.134304
0.092526
0.157841
0.127680
0.177856
0.105544
0.081370
0.046037
0.081186
0.045443
0.074366
0.084555
0.085385
0.116070
0.177536
0.074027
0.094596
0.093488
0.130173
0.126814
0.146491
0.134291
0.089354
0.149624
0.274042
0.125771
0.170990
0.142541
0.154805
0.128475
0.136225
0.074743
0.144689
0.172534
0.140502
0.133559
0.084649
0.077345
0.076098
0.087993
0.075888
0.101628
0.125801
0.114012
0.203623
0.116349
0.087209
0.135657
0.167925
0.082131
0.100196
0.040954
0.184560
0.201371
0.148014
0.116569
0.141721
0.139549
0.130774
0.068042
0.081623
0.124994
0.114006
0.100682
0.152728
0.153737
0.129404
0.089855
0.073190
0.100416
0.091465
0.084468
0.088399
0.092997
0.155908
0.104000
0.155752
0.072188
0.079706
0.098337
0.114531
0.081439
0.072805
0.098370
0.142471
0.083049
0.133497
0.085864
0.091452
0.074036
0.076019
0.084947
0.070765
0.067222
0.182478
0.071699
0.156554
0.146616
0.064377
0.085858
0.119534
0.060862
0.087072
0.091100
0.147623
0.083014
0.066713
0.137265
0.070934
0.082799
0.091525
0.090222
0.099910
0.116515
0.188359
0.155257
0.083230
0.095410
0.071202
0.074397
0.093494
0.097894
0.088040
0.077579
0.149374
0.157115
0.078147
0.076963
0.095773
0.101586
0.041728
0.091408
0.118937
0.087044
0.135908
0.045496
0.122421
0.092858
0.041757
0.081375
0.070309
0.086351
0.118400
0.076644
0.212066
0.079814
0.095088
0.084211
0.124163
0.116333
0.091134
0.082473
0.089661
0.141169
0.144005
0.073168
0.151597
0.113153
0.093895
0.072604
0.108542
0.114032
0.095881
0.087620
0.149452
0.103074
0.101953
0.090802
0.069155
0.080692
0.082381
0.101297
0.076710
0.149529
0.192847
0.093172
0.054665
0.046499
0.075222
0.078925
0.077763
0.112129
0.047611
0.123976
0.262296
0.093984
0.106755
0.118692
0.085626
0.073807
0.079696
0.110659
0.125151
0.095974
0.200883
0.094615
0.044136
0.099380
0.093396
0.118919
0.085929
0.116214
0.120672
0.130968
0.190049
0.133526
0.107276
0.116572
0.081825
0.089828
0.086606
0.108820
0.086329
0.122083
0.138384
0.091949
0.128060
0.122563
0.079151
0.080086
0.079654
0.087233
0.051848
0.060882
0.128404
0.101863
0.104908
0.066058
0.057470
0.061908
0.078846
0.082302
0.088871
0.045856
0.105438
0.067446
0.142672
0.044454
0.041176
0.045909
0.044538
0.061535
0.076488
0.053037
0.136745
0.045763
0.047146
0.081503
0.082607
0.040800
0.055658
0.039685
0.042205
0.061697
0.144084
0.081002
0.081950
0.087932
0.081736
0.085755
0.058929
0.079385
0.083079
0.057933
0.131809
0.068443
0.127050
0.047368
0.054100
0.066179
0.089633
0.043593
0.061085
0.104520
0.123170
0.079874
0.062407
0.069876
0.113185
0.169977
0.137225
0.044323
0.041894
0.096715
0.124779
0.070586
0.125835
0.172083
0.036711
0.110606
0.146586
0.104910
0.127914
0.075545
0.146024
0.178196
0.142515
0.203922
0.100713
0.097553
0.093003
0.091863
0.128791
0.143267
0.127586
0.150622
0.108968
0.045388
0.146544
0.109319
0.038890
0.100626
0.096358
0.107552
0.209648
0.104143
0.038136
0.083576
0.146776
0.113627
0.092713
0.161167
0.161946
0.127551
0.137383
0.124342
0.092884
0.102772
0.091923
0.081534
0.110044
0.091802
0.060221
0.098928
0.185847
0.101982
0.170952
0.099866
0.091518
0.187541
0.079006
0.061714
0.098841
0.117601
0.165951
0.082715
0.109080
0.095994
0.072672
0.102548
0.048761
0.074680
0.102858
0.099659
0.206382
0.066017
0.092782
0.061536
0.091766
0.078741
0.087205
0.102802
0.075674
0.042305
0.161908
0.139402
0.102350
0.091314
0.124000
0.051937
0.089483
0.110613
0.042511
0.099850
0.170696
0.070151
0.048042
0.092184
0.055220
0.054365
0.108109
0.087791
0.041565
0.098963
0.108789
0.141935
0.108910
0.060170
0.115762
0.045387
0.055988
0.077021
0.089607
0.096981
0.216924
0.071177
0.110715
0.105229
0.047671
0.075716
0.087948
0.047857
0.052317
0.038132
0.097530
0.135761
0.087120
0.080911
0.097497
0.058621
0.039719
0.051426
0.130981
0.088459
0.210814
0.044199
0.044564
0.063069
0.066330
0.092724
0.073677
0.111900
0.076462
0.171642
0.131656
0.073604
0.054754
0.055924
0.065405
0.107650
0.069559
0.080318
0.156324
0.066855
0.137319
0.084015
0.076844
0.157848
0.044140
0.050940
0.139903
0.042053
0.056470
0.080217
0.132043
0.073169
0.116768
0.101567
0.068964
0.085195
0.059187
0.080016
0.069669
0.083026
0.178064
0.080972
0.142663
0.045733
0.109216
0.058871
0.043033
0.058925
0.068996
0.074080
0.168708
0.059364
0.093287
0.087183
0.145012
0.072302
0.060636
0.084002
0.089798
0.120087
0.123023
0.042431
0.056056
0.060704
0.102144
0.085794
0.074799
0.108720
0.049879
0.065006
0.136585
0.145322
0.063650
0.084673
0.088204
0.128300
0.097830
0.045695
0.094350
0.133230
0.095634
0.081990
0.166112
0.060368
0.068774
0.116781
0.086823
0.056886
0.063967
0.087935
0.119734
0.036600
0.069036
0.054412
0.053632
0.046506
0.107410
0.169762
0.047142
0.069520
0.111148
0.130813
0.124062
0.160275
0.087597
0.115104
0.123226
0.134898
0.043597
0.142175
0.100272
0.116534
0.058877
0.077943
0.064247
0.081810
0.059853
0.093501
0.133440
0.049768
0.113735
0.053447
0.089268
0.051538
0.082947
0.089701
0.086225
0.052971
0.075149
0.084802
0.128776
0.045315
0.042348
0.043404
0.048105
0.036223
0.047457
0.065116
0.050986
0.047259
0.093289
0.043230
0.043599
0.044515
0.043301
0.046261
0.049456
0.056289
0.041400
0.042255
0.092917
0.049626
0.048464
0.050255
0.048331
0.046876
0.053343
0.044103
0.036443
0.040343
0.089662
0.045734
0.045390
0.046213
0.047639
0.049059
0.047257
0.054224
0.047378
0.052742
0.090612
0.049609
0.053411
0.049670
0.045130
0.075513
0.049147
0.048356
0.045886
0.045386
0.086374
0.047086
0.042434
0.042571
0.040144
0.068287
0.037221
0.042697
0.030364
0.028224
0.067868
0.029597
0.027557
0.027883
0.026899
0.027752
0.027399
0.031983
0.029809
0.027236
0.065720
0.029007
0.027231
0.027838
0.026952
0.027703
0.026540
0.027200
0.026723
0.027249
0.073339
0.028517
0.034498
0.028049
0.027307
0.027685
0.066168
0.069354
0.028403
0.027758
0.066563
0.069517
0.028724
0.028328
0.026984
0.028481
0.027674
0.028648
0.028036
0.039038
0.068287
0.034506
0.028439
0.029572
0.029350
0.028247
0.028088
0.028442
0.028028
0.029472
0.068989
0.029660
0.027583
0.027574
0.026349
0.027606
0.026473
0.027221
0.026648
0.028051
0.072763
0.028480
0.027393
0.027905
0.029237
0.027777
0.027338
0.027803
0.026644
0.027190
0.066685
0.029012
0.027341
0.027328
0.026967
0.028518
0.027680
0.028643
0.027122
0.027784
0.068634
0.028942
0.027812
0.027557
0.027914
0.027607
0.027913
0.027814
0.027320
0.027848
0.067744
0.028889
0.027167
0.027894
0.027447
0.027535
0.026495
0.027401
0.026908
0.027287
0.067122
0.028267
0.027430
0.027731
0.027176
0.030528
0.026841
0.027385
0.027606
0.032384
0.067207
0.027769
0.027276
0.027253
0.026731
0.027162
0.026828
0.027548
0.026495
0.027282
0.072500
0.029688
0.026997
0.027376
0.027132
0.027325
0.026960
0.027524
0.027278
0.027608
0.067377
0.031537
0.027157
0.027152
0.026859
0.027294
0.026250
0.027322
0.026397
0.027678
0.067843
0.027920
0.026816
0.026551
0.026931
0.026972
0.026428
0.027400
0.026932
0.026944
0.067106
0.028582
0.027499
