15.002145
3.001195
0.088250
0.137049
0.105942
0.082530
0.130310
0.125751
0.049182
0.108009
0.293615
0.117221
0.137442
0.118903
0.115281
0.102057
0.081155
0.112972
0.140690
0.069184
0.231262
0.163175
0.162413
0.057347
0.103034
0.099775
0.123383
0.081735
0.142610
0.075008
0.244553
0.127241
0.111928
0.132405
0.077674
0.116978
0.135937
0.133578
0.114992
0.147306
0.223329
0.128792
0.095181
0.066307
0.061877
0.117336
0.139803
0.093125
0.141296
0.185579
0.228372
0.113439
0.100668
0.123091
0.101238
0.100635
0.128296
0.097167
0.161429
0.142207
0.171765
0.157038
0.114521
0.118630
0.168607
0.114850
3.327086
0.129455
0.070626
0.079480
0.138633
0.051168
0.063124
0.070351
0.079072
0.064463
0.073331
0.044870
0.042118
0.054155
0.163442
0.053956
0.051309
0.062106
0.045312
0.042734
0.112941
0.061013
0.087774
0.070021
0.211937
0.079741
0.080923
0.100941
0.088796
0.044004
0.087171
0.066678
0.073159
0.102906
0.130120
0.048047
0.030030
0.072359
0.075901
0.076455
0.096900
0.103035
0.086192
0.111725
0.190706
0.116079
0.077973
0.084915
0.100083
0.090009
0.095023
0.037838
0.073550
0.092093
0.222028
0.069087
0.122043
0.141756
0.097368
0.134421
0.071105
0.085503
0.083796
0.134037
0.112034
0.040903
0.078686
0.077829
0.109474
0.104505
0.144188
0.114855
0.036776
0.067008
0.082505
0.047792
0.138787
0.161659
0.129303
0.045410
0.039659
0.029756
0.062032
0.058601
0.157091
0.128401
0.112141
0.119983
0.103873
0.096899
0.114160
0.108528
0.114853
0.165678
0.275666
0.125151
0.102342
0.120909
0.130010
0.090042
0.176666
0.091105
0.058914
0.083229
0.259687
0.182472
0.153490
0.170623
0.179256
0.140968
0.168025
0.078605
0.164500
0.095098
0.172355
0.098824
0.128375
0.124456
0.114845
0.152167
0.109600
0.146151
0.081486
0.127050
0.196358
0.099390
0.106890
0.096662
0.204412
0.127426
0.136991
0.039292
0.198475
0.117617
0.187630
0.109265
0.128203
0.117487
0.060654
0.052681
0.139067
0.093647
0.124805
0.117328
0.180474
0.108649
0.096215
0.162489
3.911433
0.113471
0.077697
0.319510
0.078778
0.187511
0.128383
0.034214
0.057615
0.118385
0.098998
0.075133
0.054962
0.104668
0.085063
0.043844
0.133091
0.074036
0.067038
0.047248
0.030971
0.061463
0.145902
0.085723
0.030484
0.148435
0.175201
0.089675
0.041598
0.097994
0.060113
0.045336
0.078791
0.089803
0.084442
0.076718
0.185119
0.091907
0.147123
0.100350
0.094212
0.130832
0.052636
0.149665
0.165698
0.226435
0.181353
0.121272
0.065105
0.118045
0.114995
0.053916
0.086874
0.091921
0.103738
0.042701
0.105387
0.061456
0.046398
0.092986
0.110982
0.112999
0.141002
0.094788
0.126450
0.034174
0.117030
0.061585
0.046907
0.068106
0.057899
0.035301
0.094835
0.079704
0.329069
0.205971
0.333494
0.130380
0.142026
0.095578
0.193316
0.069163
0.087660
0.052451
0.127578
0.108647
0.197367
0.115615
0.101800
0.107709
0.236325
0.201063
0.176632
0.113249
0.136631
0.093827
0.190593
0.094305
0.142814
0.110555
0.148088
0.103493
0.088517
0.149849
0.126800
0.084341
0.192333
0.120746
0.152011
0.121946
0.118542
0.131416
0.156145
0.115930
0.171171
0.111133
0.212072
0.156855
0.090281
0.109277
0.091115
0.163695
0.114622
0.085194
0.106099
0.186849
0.205410
0.146526
0.112679
0.124991
0.135361
0.102584
0.193426
3.669883
0.128113
0.069267
0.381472
0.095827
0.163965
0.069166
0.049821
0.115191
0.066066
0.075943
0.050070
0.043765
0.128352
0.031869
0.041213
0.043311
0.071137
0.093597
0.062933
0.116937
0.072028
0.057528
0.110224
0.089582
0.068236
0.133701
0.051729
0.066421
0.043856
0.088009
0.116709
0.087765
0.129535
0.089593
0.082544
0.117169
0.113109
0.130344
0.235638
0.127612
0.123309
0.126855
0.155493
0.080038
0.109874
0.084362
0.092251
0.073707
0.161663
0.087936
0.091963
0.046787
0.070946
0.049571
0.107925
0.159110
0.155561
0.171437
0.195111
0.054756
0.049953
0.068800
0.088170
0.058670
0.038954
0.046951
0.055699
0.214685
0.193215
0.202048
0.087933
0.099271
0.188187
0.109564
0.086127
0.101478
0.041905
0.080412
0.078661
0.194733
0.094017
0.115306
0.145677
0.114534
0.104911
0.164972
0.103429
0.136875
0.089935
0.177252
0.081456
0.082124
0.181736
0.132389
0.157108
0.084952
0.096981
0.080461
0.109875
0.106989
0.128440
0.153233
0.178987
0.110969
0.160923
0.099749
0.045319
0.104064
0.121300
0.090369
0.117248
0.130459
0.169691
0.101166
0.120234
0.080497
0.103921
0.090523
0.113766
0.158314
0.098966
0.130881
0.239096
0.101696
0.083151
0.079830
0.108516
0.112245
0.135415
0.116232
0.054929
0.103007
0.280253
0.105604
0.060893
0.121340
4.447418
0.074136
0.142822
0.095303
0.034452
0.095969
0.217880
0.111573
0.054297
0.086211
0.051488
0.047443
0.048192
0.058076
0.068774
0.070413
0.089851
0.047913
0.045516
0.047109
0.050680
0.092539
0.086235
0.086350
0.050144
0.034903
0.083472
0.060241
0.056697
0.070854
0.087854
0.049572
0.081716
0.075900
0.110625
0.118758
0.196431
0.122102
0.097658
0.067574
0.144300
0.075399
0.085384
0.090476
0.082192
0.038701
0.205916
0.092728
0.066599
0.084600
0.140927
0.079806
0.096693
0.085119
0.048989
0.124630
0.144545
0.130153
0.044523
0.134017
0.125448
0.095414
0.046146
0.082217
0.072427
0.076226
0.148064
0.093938
0.076187
0.074676
0.076673
0.169640
0.164753
0.131595
0.167210
0.208980
0.161888
0.051454
0.056961
0.076169
0.076394
0.088584
0.108919
0.090919
0.129802
0.107958
0.141196
0.116010
0.086769
0.065272
0.077344
0.056175
0.087933
0.082407
0.084400
0.074243
0.157513
0.083744
0.108575
0.081382
0.103462
0.095975
0.084563
0.078897
0.084162
0.082259
0.101959
0.102383
0.086143
0.145167
0.091404
0.106025
0.059687
0.081954
0.108207
0.076314
0.166981
0.087217
0.083215
0.139630
0.078245
0.088169
0.088352
0.106869
0.103980
0.040422
0.157131
0.069667
0.085738
0.075782
0.089196
0.074712
0.134852
0.084090
0.085955
0.094891
0.157407
0.083094
0.066562
0.044646
0.119891
0.088274
0.126000
0.084149
0.099411
0.117099
0.154067
0.076823
0.066873
0.076093
0.089008
0.079983
0.103272
0.082901
0.091805
0.110694
0.168772
0.089646
0.101443
0.098651
0.141433
0.121530
0.083723
0.087063
0.093128
0.108062
0.153492
0.057464
0.051287
0.043900
0.111976
0.084940
0.138195
0.100757
0.096075
0.081738
0.128281
0.070699
0.063621
0.084688
0.126111
0.139032
0.112419
0.112906
0.086455
0.078390
0.144883
0.115996
0.111121
0.053395
0.106190
0.088688
0.111648
0.110797
0.081105
0.093795
0.222945
0.097131
0.097437
0.034085
0.129791
0.141064
0.099918
0.096449
0.096267
0.046334
0.160709
0.110211
0.119241
0.050520
0.097807
0.107130
0.110977
0.129498
0.135858
0.076263
0.108580
0.114947
0.129612
0.078089
0.085161
0.089720
0.068177
0.085012
0.099077
0.118000
0.225463
0.134884
0.090348
0.137645
0.060683
0.146421
0.102387
0.121553
0.133718
0.102316
0.180492
0.084883
0.086830
0.087763
0.074469
0.104387
0.092327
0.098593
0.086113
0.077060
0.169152
0.093787
0.115208
0.083608
0.094599
0.084967
0.080139
0.083918
0.080363
0.073182
0.142408
0.125036
0.099753
0.094112
0.132884
0.115389
0.100247
0.084975
0.070931
0.077001
0.133395
0.095552
0.084521
0.100401
0.078892
0.116456
0.104260
0.110192
0.079942
0.038706
0.118979
0.036799
0.119498
0.095663
0.113347
0.094466
0.090037
0.085825
0.101417
0.088765
0.154113
0.117276
0.100065
0.130178
0.097395
0.089593
0.098527
0.102345
0.088340
0.086399
0.152578
0.082957
0.139474
0.052768
0.047984
0.089402
0.075852
0.078878
0.081034
0.078903
0.141401
0.078115
0.122400
0.075448
0.132094
0.075248
0.083574
0.078926
0.084980
0.092180
0.114193
0.081811
0.078421
0.122169
0.090554
0.084270
0.092821
0.088238
0.094725
0.039330
0.135640
0.115834
0.083999
0.095287
0.146027
0.092130
0.087162
0.100376
0.079801
0.073911
0.097770
0.080767
0.076840
0.101074
0.127074
0.098624
0.156444
0.107784
0.163399
0.150414
0.150589
0.194577
0.160117
0.207214
0.187547
0.091597
0.202672
0.189455
0.119826
0.189368
0.142257
0.160210
0.117355
0.074733
0.112373
0.092326
0.072202
0.074443
0.115976
0.105230
0.161771
0.129164
0.079834
0.079080
0.076370
0.079201
0.089093
0.109434
0.134941
0.077159
0.123512
0.037096
0.043822
0.099826
0.086140
0.092654
0.088931
0.084991
0.061172
0.096157
0.209756
0.096747
0.115799
0.080720
0.094994
0.081883
0.100161
0.086045
0.085541
0.118381
0.183053
0.074901
0.073858
0.117338
0.095073
0.117121
0.097316
0.108661
0.077998
0.069386
0.229896
0.094331
0.099548
0.048381
0.080322
0.085983
0.054430
0.079687
0.099927
0.092182
0.214952
0.077137
0.053268
0.096051
0.048710
0.084158
0.045805
0.058184
0.123803
0.112793
0.145402
0.087463
0.137175
0.041912
0.070499
0.043775
0.074336
0.070844
0.046304
0.069232
0.150729
0.141726
0.088975
0.041139
0.079138
0.100948
0.090711
0.091117
0.080645
0.038960
0.169164
0.101575
0.122308
0.120450
0.097167
0.068645
0.117655
0.110129
0.097175
0.107476
0.190484
0.102675
0.087059
0.079353
0.095361
0.081564
0.092369
0.082932
0.082410
0.081625
0.147126
0.125922
0.083502
0.098109
0.086902
0.088559
0.083128
0.045402
0.073667
0.047689
0.118945
0.046771
0.105314
0.101173
0.082953
0.075900
0.102586
0.089363
0.093423
0.081614
0.148645
0.088458
0.103016
0.082978
0.078129
0.116556
0.091875
0.069884
0.069326
0.096292
0.154849
0.083249
0.122898
0.071353
0.096321
0.088801
0.112300
0.092890
0.088550
0.121177
0.173816
0.095842
0.189419
0.091660
0.103736
0.080974
0.080749
0.089249
0.090370
0.091000
0.181558
0.127811
0.076310
0.088731
0.096276
0.164590
0.047771
0.058815
0.121279
0.091082
0.187014
0.086802
0.091655
0.083982
0.088489
0.051883
0.088553
0.084754
0.108586
0.192657
0.171580
0.133503
0.054483
0.040242
0.116835
0.081184
0.079931
0.090443
0.094646
0.080606
0.158382
0.108699
0.099068
0.116043
0.075610
0.070806
0.088039
0.078112
0.089082
0.077685
0.156170
0.136444
0.079093
0.076493
0.158751
0.075548
0.090521
0.073923
0.217541
0.111082
0.252918
0.086807
0.087692
0.094207
0.080257
0.119452
0.090412
0.084381
0.121351
0.107497
0.155781
0.084336
0.083582
0.078385
0.089407
0.091424
0.082481
0.084263
0.123594
0.098073
0.155511
0.076883
0.080886
0.147745
0.085360
0.078053
0.084188
0.087455
0.107459
0.103491
0.136539
0.089214
0.090560
0.081795
0.084248
0.107193
0.104188
0.101662
0.124878
0.081115
0.172134
0.091187
0.101672
0.116173
0.068909
0.101002
0.081127
0.124896
0.117385
0.132130
0.153102
0.092474
0.097281
0.079998
0.121459
0.124827
0.122806
0.091150
0.083933
0.165233
0.180278
0.074073
0.085438
0.072582
0.104988
0.142149
0.089847
0.085484
0.042154
0.202858
0.168775
0.107220
0.080905
0.083295
0.075767
0.121480
0.069107
0.080096
0.077206
0.101267
0.153921
0.069041
0.081394
0.163780
0.156101
0.186264
0.093754
0.099508
0.204587
0.058770
0.170691
0.115416
0.150704
0.071146
0.069804
0.078632
0.095475
0.092552
0.101804
0.120039
0.149433
0.066809
0.133910
0.041754
0.081097
0.086838
0.086833
0.095118
0.088862
0.196209
0.106261
0.113636
0.054082
0.088234
0.049457
0.090363
0.084916
0.071814
0.081453
0.083798
0.224941
0.128556
0.112068
0.045191
0.099680
0.079505
0.082160
0.100094
0.092927
0.086828
0.156358
0.110309
0.076035
0.143164
0.081456
0.141715
0.045709
0.057024
0.188723
0.118971
0.150349
0.092111
0.080909
0.082059
0.086535
0.084657
0.093084
0.081967
0.119007
0.085440
0.200207
0.096622
0.070899
0.063565
0.084128
0.092762
0.088253
0.114209
0.117651
0.084598
0.209463
0.104999
0.090999
0.075339
0.101572
0.091374
0.104359
0.084499
0.085436
0.141384
0.150507
0.103584
0.109727
0.084143
0.041891
0.039687
0.089130
0.084357
0.083766
0.078365
0.155879
0.091980
0.113353
0.115640
0.098294
0.094136
0.090704
0.093095
0.097112
0.076179
0.102170
0.065699
0.065423
0.084551
0.152746
0.077623
0.109335
0.089068
0.092867
0.085227
0.141016
0.113330
0.075591
0.099458
0.095849
0.092189
0.101138
0.075897
0.079755
0.096336
0.154962
0.083524
0.139834
0.079121
0.083979
0.106931
0.080149
0.069241
0.058174
0.118880
0.166837
0.041847
0.100579
0.133122
0.083812
0.086896
0.087049
0.092904
0.102540
0.098584
0.166883
0.081064
0.119483
0.090586
0.086367
0.099320
0.035513
0.058555
0.042733
0.084281
0.147954
0.098831
0.080964
0.107975
0.116880
0.080501
0.090475
0.090273
0.091640
0.042223
0.160925
0.076834
0.093045
0.096834
0.137445
0.077380
0.088331
0.082630
0.104879
0.092412
0.213823
0.137120
0.106968
0.132415
0.038962
0.129783
0.131574
0.070940
0.100509
0.137115
0.204115
0.114079
0.114272
0.108775
0.093974
0.120938
0.056231
0.119449
0.108892
0.185580
0.233380
0.072288
0.092625
0.135548
0.083144
0.091856
0.117530
0.155225
0.147660
0.097624
0.179031
0.096205
0.107968
0.162014
0.125474
0.092038
0.166599
0.097971
0.129680
0.107234
0.138866
0.116020
0.193875
0.131007
0.115468
0.115350
0.083207
0.090235
0.106800
0.078404
0.155053
0.083612
0.148659
0.044641
0.053036
0.092522
0.117126
0.096486
0.149412
0.127704
0.232058
0.211920
0.200729
0.188322
0.099501
0.144666
0.111094
0.102241
0.098649
0.129585
0.146828
0.107923
0.093684
0.089059
0.047072
0.103693
0.084074
0.106064
0.135978
0.146694
0.194630
0.152043
0.133755
0.200387
0.095008
0.098612
0.130375
0.128146
0.097292
0.155951
0.219856
0.127698
0.096173
0.131666
0.089670
0.095075
0.120562
0.075684
0.116245
0.133723
0.233013
0.121824
0.211907
0.190417
0.214602
0.221028
0.114428
0.100011
0.325036
0.071155
0.146672
0.074866
0.046012
0.074270
0.077223
0.077684
0.111969
0.077637
0.043509
0.117025
0.158110
0.086632
0.118247
0.095276
0.078674
0.082194
0.050081
0.072119
0.141565
0.066230
0.155665
0.083374
0.091953
0.172232
0.093765
0.076525
0.086688
0.082634
0.101575
0.095845
0.156854
0.085155
0.052104
0.179484
0.100495
0.097016
0.047861
0.116870
0.076248
0.095640
0.194921
0.090987
0.122697
0.112922
0.101845
0.115983
0.088489
0.125313
0.084451
0.078912
0.144915
0.126268
0.089503
0.195978
0.105958
0.175295
0.191201
0.165098
0.148645
0.154052
0.185981
0.142489
0.161099
0.150470
0.149659
0.148868
0.157633
0.216345
0.268278
0.191638
0.146133
0.189700
0.133976
0.154915
0.167538
0.122056
0.189770
0.160367
0.156356
0.151978
0.156705
0.076789
0.091134
0.101094
0.078860
0.066758
0.159727
0.079931
0.174355
0.164334
0.156462
0.132859
0.098072
0.172217
0.048373
0.087373
0.097418
0.120941
0.151824
0.130967
0.172772
0.105494
0.098346
0.090559
0.124731
0.157396
0.114565
0.079106
0.088977
0.148816
0.138397
0.128038
0.129001
0.148301
0.091390
0.197425
0.145552
0.109004
0.230346
0.098522
0.218369
0.132509
0.089598
0.122799
0.129889
0.099365
0.096767
0.155635
0.141940
0.078420
0.110729
0.081613
0.063776
0.070459
0.109458
0.083737
0.088066
0.127886
0.127914
0.118746
0.208799
0.088481
0.123689
0.158346
0.081836
0.087015
0.159749
0.225551
0.051266
0.104757
0.170212
0.117793
0.076495
0.104769
0.115320
0.083580
0.092901
0.138950
0.094301
0.079574
0.175120
0.116807
0.075072
0.121737
0.099283
0.097845
0.103036
0.089184
0.096317
0.111539
0.223575
0.093986
0.083312
0.085850
0.101823
0.059026
0.093090
0.086349
0.091796
0.110977
0.177526
0.085947
0.085509
0.139472
0.090166
0.094882
0.090707
0.087137
0.133630
0.092851
0.174577
0.094757
0.114953
0.077098
0.088132
0.072023
0.092244
0.049345
0.088516
0.119471
0.192405
0.073779
0.099877
0.092197
0.085122
0.085683
0.115186
0.142149
0.130056
0.088106
0.164276
0.082571
0.082094
0.100744
0.142472
0.088272
0.087119
0.104815
0.116346
0.093231
0.154218
0.075489
0.089883
0.083565
0.127503
0.088420
0.101199
0.097326
0.074296
0.124061
0.162138
0.077896
0.086546
0.063832
0.179668
0.132478
0.098795
0.085660
0.157136
0.156690
0.152157
0.086074
0.150826
0.097598
0.114419
0.171006
0.142556
0.106922
0.156220
0.120525
0.188898
0.079035
0.106887
0.075044
0.112254
0.091923
0.084983
0.091361
0.089940
0.105922
0.180023
0.118783
0.071342
0.126938
0.085096
0.084733
0.088720
0.133131
0.141532
0.051222
0.153405
0.099785
0.108855
0.090100
0.125941
0.084238
0.133426
0.101268
0.136400
0.168103
0.228366
0.097096
0.089614
0.079577
0.089892
0.083924
0.076500
0.127421
0.128017
0.151223
0.209911
0.124054
0.132940
0.082832
0.072603
0.103652
0.075495
0.127211
0.090447
0.102547
0.162435
0.140147
0.102556
