8.029099
1.461561
0.113533
0.136929
0.141903
0.119648
0.130886
0.149781
0.157870
0.158592
0.144205
0.095751
0.109344
0.100669
0.122353
0.118241
0.100006
0.146424
0.081231
0.093288
0.205481
0.102419
0.130053
0.134858
0.109320
0.089504
0.173587
0.080126
0.144595
0.126849
0.208606
0.156737
0.128029
0.113058
0.124981
0.104044
0.133566
0.139932
0.094946
0.103393
0.150666
0.138448
0.098305
0.143377
0.103126
0.098262
0.111021
0.100555
0.098660
0.090643
0.225824
0.163981
2.908813
0.086834
0.094030
0.092857
0.080063
0.126889
0.170580
0.053204
0.146531
0.043346
0.083383
0.047579
0.078899
0.092759
0.050028
0.066629
0.057100
0.074493
0.140267
0.082462
0.054032
0.058799
0.120799
0.080899
0.045516
0.118085
0.076404
0.051964
0.096999
0.088033
0.064833
0.081080
0.152507
0.116275
0.077703
0.083463
0.134938
0.110622
0.184112
0.095605
0.037748
0.093062
0.100709
0.101647
0.100621
0.098573
0.090847
0.108932
0.214325
0.125810
0.065678
0.028684
0.067550
0.066157
0.096101
0.092677
0.134977
0.139079
0.187902
0.056457
0.057703
0.051535
0.029329
0.049623
0.039613
0.052729
0.057155
0.236164
0.304191
0.167583
0.094589
0.100430
0.089787
0.093213
0.087603
0.077756
0.107147
0.102386
0.245229
0.099033
0.126003
0.161088
0.145252
0.123709
0.134290
0.138706
0.061716
0.109361
0.164047
0.130608
0.106200
0.126694
0.109619
0.114389
0.107250
0.136667
0.114427
0.128966
0.236630
0.093948
0.138571
0.118628
0.157117
0.097348
0.118472
0.147987
0.120923
0.177289
0.157358
0.119264
0.117740
0.100990
0.153604
0.151163
0.081678
0.172807
0.087641
0.153079
0.200409
0.118530
0.126467
0.114502
0.078516
0.121247
0.077731
0.140013
0.091130
0.046007
0.189106
0.130043
0.156740
0.116747
4.426579
0.124795
0.110833
0.109505
0.051917
0.075618
0.163255
0.107589
0.044143
0.041121
0.060059
0.114488
0.042729
0.040517
0.047398
0.060872
0.189784
0.046400
0.073779
0.076205
0.044980
0.058916
0.080416
0.115429
0.050542
0.124691
0.093211
0.062365
0.070361
0.082182
0.060990
0.041484
0.104173
0.083895
0.121354
0.106438
0.184187
0.119217
0.098560
0.093676
0.159343
0.057817
0.092800
0.074586
0.093980
0.106217
0.204225
0.064734
0.120389
0.112595
0.113808
0.127072
0.127013
0.098328
0.150980
0.108726
0.121654
0.090695
0.091243
0.091931
0.113549
0.089641
0.078450
0.118903
0.077945
0.050765
0.128050
0.076818
0.142980
0.137523
0.168298
0.177536
0.178501
0.140134
0.062892
0.069021
0.128380
0.083235
0.101087
0.072299
0.084701
0.126236
0.105917
0.091405
0.110208
0.081198
0.153027
0.050327
0.091314
0.090647
0.106751
0.098681
0.095108
0.085521
0.087664
0.076638
0.159630
0.075738
0.144969
0.094354
0.084424
0.072262
0.117895
0.053584
0.065783
0.087364
0.214693
0.076865
0.126481
0.050869
0.083361
0.042705
0.099592
0.082775
0.096384
0.086893
0.204714
0.073898
0.122877
0.089083
0.085099
0.084802
0.094574
0.111617
0.084382
0.110714
0.173889
0.125259
0.082833
0.085813
0.087878
0.083551
0.105378
0.114905
0.108622
0.080080
0.177391
0.084881
0.082585
0.079834
0.083508
0.103299
0.084329
0.085316
0.117037
0.084339
0.175055
0.076493
0.085683
0.045838
0.077172
0.048435
0.095184
0.074311
0.088251
0.083045
0.198256
0.096536
0.084258
0.088257
0.046315
0.079427
0.106258
0.102765
0.073097
0.101953
0.213090
0.106329
0.086789
0.134891
0.099636
0.156225
0.095949
0.079752
0.206525
0.187764
0.168243
0.087247
0.091211
0.151825
0.040132
0.042000
0.085612
0.136116
0.053036
0.049093
0.170523
0.095732
0.085791
0.079759
0.071759
0.087751
0.099674
0.078759
0.097196
0.096392
0.184150
0.089213
0.089307
0.094549
0.083080
0.111089
0.165080
0.156204
0.181383
0.160072
0.154053
0.168370
0.082347
0.219192
0.169124
0.104413
0.084927
0.094496
0.144802
0.148292
0.146199
0.207881
0.152172
0.099057
0.164657
0.098744
0.163137
0.154590
0.147009
0.175610
0.260792
0.091279
0.133419
0.154452
0.081216
0.086653
0.087719
0.092948
0.091394
0.128751
0.150684
0.077069
0.081846
0.099884
0.088225
0.084174
0.080260
0.076603
0.050476
0.104857
0.155938
0.102774
0.119718
0.097110
0.079116
0.083964
0.091629
0.091683
0.088466
0.068519
0.166698
0.043887
0.086879
0.073296
0.109468
0.105971
0.117282
0.086711
0.132535
0.150810
0.172905
0.076341
0.081908
0.078052
0.079571
0.081273
0.079043
0.088766
0.116262
0.108633
0.181639
0.090319
0.073941
0.080971
0.097604
0.091537
0.084805
0.090540
0.083052
0.131769
0.161988
0.111243
0.075167
0.070320
0.075036
0.082350
0.082411
0.089906
0.099634
0.097583
0.122531
0.098973
0.092836
0.090813
0.087829
0.079287
0.091135
0.095395
0.091853
0.132104
0.154081
0.093985
0.083356
0.083041
0.092549
0.094098
0.083607
0.100112
0.103448
0.076520
0.195813
0.083715
0.084658
0.079778
0.048907
0.052706
0.077186
0.076071
0.088680
0.088987
0.176804
0.092097
0.090600
0.075682
0.090911
0.117025
0.127221
0.102000
0.084596
0.129200
0.211694
0.214987
0.190881
0.168105
0.152416
0.158815
0.144827
0.184261
0.184550
0.193359
0.153074
0.148788
0.039662
0.041562
0.090630
0.082041
0.089656
0.096277
0.095435
0.098843
0.137459
0.078044
0.085402
0.077595
0.080538
0.083995
0.121717
0.168940
0.091697
0.116385
0.174614
0.076103
0.090471
0.078219
0.077911
0.032303
0.099308
0.088542
0.156912
0.087349
0.168663
0.068345
0.072749
0.069155
0.084207
0.081537
0.070983
0.108143
0.183671
0.157058
0.137738
0.179479
0.099002
0.177726
0.153906
0.151877
0.133056
0.161625
0.167424
0.095447
0.198979
0.085375
0.094440
0.042365
0.125438
0.094245
0.082446
0.108042
0.091053
0.103644
0.202687
0.083579
0.103233
0.079319
0.115848
0.086114
0.106048
0.092764
0.104895
0.083419
0.205939
0.072912
0.075040
0.081589
0.123777
0.088902
0.081862
0.090909
0.094758
0.098309
0.204360
0.081761
0.091963
0.100502
0.081492
0.071220
0.124211
0.087632
0.084593
0.102577
0.173913
0.092863
0.088324
0.066379
0.069694
0.129028
0.074541
0.082803
0.077415
0.081794
0.161017
0.085291
0.120528
0.092236
0.077846
0.102611
0.094804
0.103953
0.090774
0.052201
0.122807
0.080628
0.105992
0.063851
0.072553
0.090828
0.093510
0.094702
0.133117
0.084920
0.148487
0.086895
0.084957
0.095427
0.087201
0.078249
0.093244
0.089464
0.092409
0.089069
0.145111
0.086891
0.074288
0.111473
0.059727
0.098680
0.086119
0.123429
0.109346
0.115180
0.158984
0.087207
0.076102
0.087135
0.077115
0.061925
0.082843
0.090196
0.088499
0.138348
0.151323
0.079459
0.068144
0.066034
0.076066
0.147611
0.077981
0.085423
0.042061
0.075505
0.218669
0.091995
0.056554
0.087313
0.084180
0.097327
0.085331
0.080221
0.100030
0.137429
0.187515
0.137902
0.098345
0.110723
0.104595
0.090974
0.087870
0.081656
0.049038
0.154346
0.145677
0.106788
0.049480
0.057340
0.079581
0.105603
0.086519
0.098634
0.090026
0.113455
0.189412
0.077339
0.073519
0.082696
0.070407
0.086725
0.088321
0.080800
0.154398
0.082167
0.216534
0.106672
0.117895
0.078557
0.043977
0.072817
0.098810
0.082882
0.079827
0.116411
0.163796
0.111145
0.079133
0.082482
0.078331
0.073458
0.082089
0.093339
0.091716
0.109101
0.148261
0.124604
0.076313
0.074216
0.120930
0.092849
0.080638
0.084183
0.087575
0.096888
0.184752
0.125277
0.085652
0.087320
0.083820
0.108969
0.055554
0.141114
0.193982
0.091925
0.199608
0.159333
0.142175
0.137424
0.120902
0.153831
0.201848
0.184101
0.172422
0.158355
0.149350
0.149934
0.150484
0.152679
0.183239
0.158483
0.183859
0.172877
0.039060
0.047370
0.141940
0.086720
0.091961
0.099754
0.172559
0.114090
0.090970
0.073678
0.066535
0.091623
0.157909
0.080175
0.084752
0.079503
0.128139
0.090451
0.088169
0.094212
0.090597
0.086527
0.196270
0.098423
0.091881
0.094694
0.098259
0.104938
0.081115
0.100245
0.055265
0.039259
0.102022
0.070610
0.101722
0.079418
0.095287
0.097617
0.100174
0.113767
0.068507
0.107574
0.173674
0.105731
0.078432
0.098311
0.062822
0.047863
0.079326
0.070916
0.071262
0.109927
0.201210
0.046026
0.095340
0.097755
0.070856
0.085342
0.089972
0.091401
0.103873
0.094769
0.137259
0.091124
0.110869
0.089402
0.087806
0.088580
0.096138
0.101930
0.087720
0.116967
0.160024
0.088524
0.130222
0.102516
0.091195
0.103116
0.103994
0.153287
0.042486
0.096444
0.189219
0.077844
0.079943
0.079929
0.072227
0.078640
0.081017
0.128998
0.156248
0.124011
0.148059
0.079436
0.084551
0.073134
0.087825
0.137735
0.082999
0.090281
0.081100
0.111155
0.146515
0.074383
0.095965
0.106816
0.096287
0.086650
0.091542
0.093368
0.131428
0.092026
0.156608
0.043941
0.112723
0.077019
0.096830
0.086368
0.087345
0.074264
0.078582
0.134512
0.094989
0.045205
0.041018
0.090847
0.084000
0.089099
0.092155
0.089071
0.084009
0.089454
0.256033
0.095256
0.097592
0.086732
0.107499
0.084388
0.092085
0.092854
0.150645
0.104942
0.160785
0.034370
0.075165
0.034320
0.077214
0.075541
0.089937
0.090628
0.087447
0.142171
0.197982
0.103300
0.094516
0.104257
0.089122
0.088679
0.110268
0.081483
0.127288
0.069843
0.163218
0.080577
0.077513
0.074538
0.070555
0.071146
0.089183
0.100203
0.137343
0.080430
0.143812
0.083489
0.099084
0.094817
0.093111
0.112846
0.078835
0.068144
0.155002
0.082163
0.204907
0.069406
0.073486
0.069299
0.073685
0.084626
0.084959
0.143470
0.070913
0.074978
0.187113
0.075361
0.066557
0.078819
0.080039
0.084069
0.078104
0.121138
0.138196
0.149901
0.162329
0.171180
0.162471
0.165084
0.157451
0.169524
0.156936
0.153234
0.163582
0.165515
0.154529
0.161976
0.184057
0.234412
0.149637
0.195439
0.149342
0.158286
0.137079
0.118170
0.093545
0.155775
0.198880
0.154047
0.153939
0.175631
0.155671
0.195291
0.147398
0.176135
0.219392
0.159905
0.193208
0.129470
0.155440
0.089642
0.156490
0.116697
0.086372
0.122552
0.214170
0.104062
0.098395
0.149796
0.132556
0.195366
0.165996
0.141809
0.106072
0.172976
0.216758
0.166290
0.156268
0.067654
0.105927
0.094738
0.139712
0.219029
0.178930
0.156253
0.154642
0.162905
0.122919
0.169601
0.156967
0.094920
0.201978
0.179946
0.132304
0.143173
0.146373
0.131593
0.098832
0.143705
0.129455
0.231991
0.159136
0.167470
0.195391
0.086371
0.153687
0.155001
0.235922
0.179590
0.109270
0.228163
0.186607
0.197426
0.232171
0.146535
0.200042
0.102440
0.088190
0.124459
0.121834
0.076686
0.076658
0.071336
0.110358
0.086024
0.193346
0.076453
0.065792
0.075296
0.085551
0.083810
0.078065
0.086343
0.109629
0.188601
0.155718
0.133864
0.076465
0.075550
0.113882
0.070263
0.077370
0.073217
0.076822
0.091118
0.153580
0.075044
0.115259
0.159880
0.212692
0.101486
0.116675
0.185418
0.143616
0.156039
0.168398
0.186370
0.128656
0.136244
0.077367
0.076295
0.095824
0.084159
0.083544
0.091793
0.153074
0.110739
0.138327
0.155461
0.157365
0.106804
0.094543
0.077899
0.089525
0.090452
0.182599
0.117869
0.111233
0.127860
0.122020
0.075996
0.132716
0.098789
0.120785
0.104819
0.153704
0.148219
0.147928
0.165874
0.098738
0.202208
0.169739
0.115096
0.123238
0.098915
0.145334
0.081201
0.119892
0.085737
0.080612
0.178598
0.080221
0.084098
0.072791
0.083753
0.145182
0.077014
0.074987
0.078401
0.131682
0.085543
0.113130
0.085737
0.120094
0.141252
0.217554
0.046104
0.037888
0.230503
0.088841
0.080664
0.187956
0.137290
0.201154
0.113374
0.171943
0.084683
0.118140
0.119199
0.100534
0.112261
0.174830
0.205316
0.154977
0.097397
0.153389
0.082686
0.102726
0.122262
0.132728
0.095104
0.103998
0.146167
0.144736
0.045933
0.098656
0.147601
0.110917
0.087680
0.094621
0.079525
0.077538
0.083546
0.079210
0.108752
0.201434
0.113705
0.103592
0.094901
0.090531
0.118940
0.086374
0.087497
0.146935
0.150560
0.076447
0.042916
0.181979
0.070575
0.228186
0.199122
0.148657
0.184541
0.134400
0.213881
0.193844
0.276781
0.157106
0.176152
0.163705
0.142823
0.176033
0.231767
0.202612
0.160996
0.173887
0.116258
0.081428
0.084115
0.100853
0.106534
0.091986
0.138219
0.083045
0.089064
0.150961
0.112095
0.093014
0.063949
0.037807
0.074045
0.115053
0.088205
0.121291
0.083581
0.158668
0.084143
0.078448
0.079370
0.075876
0.151785
0.097565
0.191826
0.175281
0.160917
0.121948
0.138913
0.089628
0.101202
0.201219
0.230421
0.100240
0.089461
0.082386
0.168705
0.162426
0.160963
0.174084
0.086336
0.090265
0.088817
0.083922
0.061048
0.052311
0.074473
0.094904
0.091518
0.085385
0.131311
0.136631
0.097765
0.084904
0.092511
0.101740
0.084258
0.145162
0.078516
0.068278
0.136473
0.109112
0.097155
0.084089
0.152715
0.087701
0.092693
0.201555
0.110023
0.098581
0.087994
0.078729
0.102279
0.126669
0.092803
0.081698
0.093396
0.229111
0.137503
0.089677
0.130452
0.120203
0.094122
0.080182
0.065134
0.055584
0.049805
0.116981
0.111822
0.077620
0.112078
0.076552
0.078493
0.051352
0.084872
0.084298
0.082185
0.148431
0.086749
0.117577
0.042187
0.070385
0.075434
0.099560
0.095844
0.080407
0.083343
0.130545
0.082811
0.108391
0.216144
0.087444
0.154029
0.163142
0.109818
0.158372
0.091573
0.154950
0.118941
0.202266
0.123568
0.096045
0.076473
0.145212
0.076252
0.139729
0.147919
0.147354
0.153936
0.152493
0.166473
0.188851
0.172271
0.140766
0.080521
0.152485
0.102630
0.161317
0.186194
0.093490
0.084387
0.080120
0.077121
0.049939
0.048005
0.070764
0.079168
0.141582
0.093045
0.049469
0.080411
0.076673
0.057367
0.036985
0.065445
0.064522
0.057850
0.171721
0.161272
0.066844
0.040520
0.056537
0.079828
0.076049
0.071404
0.122060
0.126477
0.113649
0.055107
0.074853
0.050007
0.061788
0.082763
0.073389
0.053289
0.037181
0.089770
0.126888
0.040677
0.055168
0.059226
0.037215
0.048829
0.056398
0.077902
0.045546
0.154681
0.146327
0.058895
0.151367
0.145111
0.089729
0.085531
0.148331
0.084698
0.155942
0.154449
0.097559
0.084959
0.073701
0.106849
0.083944
0.044769
0.124934
0.066232
0.088466
0.101800
0.091494
0.109092
0.068467
0.087581
0.051934
0.046399
0.118292
0.087768
0.070638
0.129361
0.090489
0.060567
0.043458
0.072872
0.074550
0.078873
0.056847
0.059099
0.061594
0.117053
0.156786
0.099847
0.103564
0.043105
0.095061
0.109697
0.038576
0.117324
0.128797
0.087415
0.114000
0.139309
0.049532
0.076888
0.045923
0.155054
0.115986
0.128316
0.194895
0.064870
0.162065
0.135186
0.091636
0.183504
0.192049
0.128577
0.151903
0.134619
0.116336
0.156602
0.113527
0.162887
0.137486
0.133213
0.047573
0.094753
0.130534
0.112750
0.193726
0.107152
0.162645
0.093664
0.137705
0.132275
0.112574
0.127934
0.129798
0.120926
0.164369
0.146595
0.139867
0.141370
0.070843
0.126303
0.133976
0.145779
0.111989
0.124588
0.138705
0.123848
0.148439
0.101557
0.192513
0.118175
0.135384
0.132481
0.122219
0.153191
0.192875
0.045642
0.109207
0.082089
0.110001
0.081090
0.054053
0.054615
0.112700
0.122030
0.171619
0.116135
0.094290
0.073614
0.044262
0.086245
0.092523
0.066747
0.193335
0.123022
0.054506
0.043252
0.110441
0.069342
0.044427
0.078564
0.161671
0.153625
0.087185
0.087136
0.046685
0.058137
0.103338
0.079708
0.103348
0.075634
0.090482
0.076799
0.057712
0.051910
0.060446
0.077661
0.145621
0.069144
0.102704
0.068953
0.095857
0.086253
0.045538
0.066146
0.054279
0.054419
0.101865
0.082325
0.073540
0.056449
0.102579
0.074628
0.050347
0.055190
0.109844
0.055880
0.123841
0.059763
0.050655
0.077609
0.050699
0.060937
0.039670
0.082980
0.069663
0.042518
0.101182
0.090658
0.069051
0.048943
0.061354
0.133883
0.082953
0.060587
0.036796
0.053652
0.123991
0.068900
0.086162
0.037990
0.083761
0.044668
0.084906
0.057223
0.061269
0.050335
0.091022
0.043668
0.095015
0.105379
0.072825
0.041822
0.055900
0.110453
0.071614
0.051491
0.104919
0.056762
0.088584
0.051539
0.088628
0.090739
0.065023
0.070154
0.118359
0.104997
0.105435
0.038548
0.114619
0.059118
0.096815
0.097927
0.041190
0.171085
0.087411
0.106007
0.100962
0.098223
0.052581
0.069814
0.060369
0.068470
0.078451
0.083520
0.074662
0.080938
0.107800
0.179487
0.137215
0.092724
0.066892
0.067974
0.088886
0.042664
0.069937
0.048801
0.145153
0.083097
0.100010
0.094278
0.065862
0.042611
0.079751
0.084702
0.036658
0.091091
0.083889
0.078220
0.049278
0.081092
0.040213
0.039443
0.101561
0.072152
0.089634
0.046640
0.120284
0.043438
0.042038
0.107820
0.042952
0.042449
0.041858
0.066042
0.053865
0.066803
0.171180
0.097575
0.067937
