8.401332
1.564795
0.098641
0.179552
0.091226
0.093466
0.142969
0.096518
0.086837
0.150824
0.157327
0.139590
0.109529
0.115547
0.167527
0.103071
0.099056
0.071540
0.096352
0.067926
0.180147
0.154072
0.095168
0.115532
0.157309
0.121820
0.088049
0.115867
0.047718
0.095431
0.169140
0.082654
0.092021
0.113867
0.179040
0.124836
0.099755
0.131341
0.078822
0.124323
0.164878
0.128210
0.139775
0.040282
0.193563
0.122748
0.098459
0.101428
0.114465
0.096729
0.220557
0.087651
0.163704
0.095113
0.149387
0.106287
0.089463
4.411224
0.104872
0.119483
0.367710
0.061996
0.119880
0.049465
0.085403
0.085992
0.109935
0.038440
0.041431
0.057236
0.154744
0.061197
0.066912
0.056448
0.065011
0.066787
0.067368
0.060164
0.095500
0.067279
0.137415
0.044011
0.033771
0.046892
0.056766
0.073849
0.066332
0.053584
0.099609
0.102448
0.190352
0.146503
0.143316
0.143800
0.118081
0.162560
0.083178
0.058299
0.091011
0.113779
0.121316
0.138048
0.131093
0.070077
0.109331
0.117096
0.132653
0.151975
0.108716
0.088186
0.104954
0.032397
0.091879
0.087430
0.110325
0.090610
0.091089
0.071673
0.080021
0.084165
0.138732
0.121923
0.073956
0.138238
0.174443
0.176944
0.125324
0.178198
0.182875
0.078878
0.134966
0.086890
0.086644
0.055318
0.070298
0.075884
0.059947
0.040039
0.044748
0.088944
0.173460
0.084406
0.083801
0.089974
0.108726
0.122002
0.076283
0.084583
0.080530
0.089534
0.162287
0.090574
0.092143
0.105454
0.108082
0.097213
0.089732
0.083699
0.136410
0.093478
0.137821
0.099926
0.113918
0.048722
0.087389
0.115519
0.077263
0.081824
0.091566
0.087344
0.164191
0.085479
0.085970
0.077722
0.039230
0.079203
0.041765
0.091272
0.081033
0.141383
0.159172
0.080512
0.097634
0.117553
0.086972
0.088988
0.096074
0.087687
0.084324
0.100646
0.149648
0.081563
0.143644
0.072073
0.063257
0.046620
0.109917
0.086267
0.089442
0.088374
0.158958
0.082429
0.133329
0.091691
0.097119
0.103778
0.116151
0.088499
0.087740
0.088876
0.154898
0.114385
0.075621
0.079801
0.094904
0.073122
0.059447
0.058815
0.103522
0.092793
0.164101
0.081431
0.099185
0.081654
0.041515
0.080578
0.089600
0.140497
0.060754
0.086016
0.154709
0.124425
0.124118
0.074634
0.088574
0.068377
0.071017
0.054069
0.092799
0.115195
0.164454
0.104026
0.143759
0.080510
0.089016
0.094172
0.102519
0.161073
0.104246
0.091666
0.200681
0.115653
0.078982
0.081369
0.038063
0.064678
0.114248
0.114828
0.088275
0.079569
0.192658
0.134459
0.102077
0.097684
0.090759
0.049098
0.104788
0.081296
0.062107
0.092824
0.193116
0.072043
0.128365
0.097056
0.089036
0.105767
0.120323
0.053186
0.148026
0.133456
0.140302
0.046509
0.099558
0.045706
0.054059
0.094841
0.091774
0.099400
0.133493
0.107853
0.194911
0.082107
0.085401
0.112989
0.185410
0.093601
0.092973
0.086265
0.078462
0.069395
0.166199
0.094184
0.079273
0.070759
0.092427
0.072672
0.089160
0.085392
0.089123
0.092664
0.186622
0.097310
0.089471
0.083552
0.059875
0.107031
0.090263
0.103749
0.085856
0.076451
0.199567
0.123559
0.102719
0.107081
0.066437
0.102580
0.120222
0.101923
0.146615
0.120354
0.191018
0.089435
0.091891
0.082926
0.095063
0.084966
0.088429
0.127674
0.112364
0.045248
0.154810
0.056400
0.077462
0.085778
0.095994
0.098175
0.079964
0.083659
0.095991
0.124709
0.197308
0.107725
0.099889
0.091514
0.086734
0.074634
0.085216
0.124171
0.101993
0.127968
0.177484
0.085353
0.088251
0.080250
0.084242
0.105494
0.105425
0.085582
0.079506
0.117525
0.157027
0.073458
0.064972
0.085184
0.051545
0.093716
0.126421
0.036260
0.046051
0.081784
0.224542
0.106972
0.088321
0.086951
0.094869
0.084808
0.090497
0.122481
0.076423
0.075427
0.186999
0.110871
0.068949
0.110634
0.120231
0.121057
0.087803
0.084685
0.151051
0.147900
0.224444
0.127067
0.091871
0.146021
0.104076
0.117278
0.124354
0.108772
0.120007
0.120661
0.251356
0.079770
0.082029
0.114630
0.085503
0.079240
0.083771
0.085622
0.085387
0.046699
0.118148
0.110870
0.121246
0.093182
0.095337
0.082192
0.085140
0.079507
0.053466
0.041693
0.165058
0.075948
0.129246
0.141400
0.097245
0.094249
0.086339
0.086471
0.092254
0.074082
0.222293
0.080074
0.106343
0.074579
0.072874
0.095307
0.041667
0.079336
0.080346
0.079325
0.152987
0.153504
0.110308
0.087271
0.088381
0.107390
0.100079
0.093477
0.125756
0.098922
0.211260
0.080109
0.123762
0.116624
0.105784
0.067816
0.038993
0.123834
0.092092
0.077148
0.121752
0.107080
0.130218
0.089476
0.103567
0.102276
0.117527
0.124780
0.109073
0.084392
0.154403
0.090882
0.107630
0.075292
0.112999
0.101875
0.113930
0.116321
0.083389
0.094063
0.174788
0.076569
0.087909
0.086485
0.084393
0.101085
0.156314
0.076292
0.114434
0.092768
0.169793
0.089667
0.091346
0.087307
0.064933
0.126855
0.127985
0.084397
0.092904
0.084287
0.160350
0.088935
0.088929
0.094002
0.088955
0.125015
0.092050
0.105438
0.041600
0.073426
0.158323
0.103979
0.094131
0.126709
0.111479
0.103895
0.072378
0.122511
0.094296
0.088689
0.146281
0.073921
0.121384
0.086255
0.120795
0.087778
0.091647
0.082661
0.075353
0.076356
0.152577
0.140752
0.097113
0.090929
0.083127
0.087607
0.096001
0.120448
0.105621
0.084579
0.207698
0.125197
0.085413
0.083802
0.056364
0.075597
0.106309
0.053249
0.085571
0.092122
0.165382
0.072696
0.141543
0.120412
0.087274
0.084245
0.105451
0.042642
0.058829
0.101228
0.170928
0.088045
0.108449
0.107879
0.073025
0.085024
0.083844
0.080288
0.091229
0.087970
0.158528
0.038857
0.099251
0.119637
0.096822
0.114915
0.087620
0.094903
0.088320
0.093955
0.152996
0.113557
0.076089
0.117530
0.112162
0.110190
0.089182
0.073340
0.057340
0.089547
0.150836
0.077719
0.093682
0.115430
0.080117
0.079680
0.084451
0.103575
0.164000
0.078098
0.117765
0.187047
0.080462
0.195503
0.162575
0.087551
0.107493
0.106459
0.083196
0.082903
0.159711
0.089098
0.088529
0.076478
0.089144
0.092824
0.095513
0.083581
0.043892
0.106033
0.137987
0.090508
0.091922
0.096919
0.087011
0.090853
0.122814
0.084888
0.084208
0.085309
0.156271
0.118976
0.098841
0.069471
0.091137
0.082819
0.082236
0.054254
0.052123
0.103660
0.164989
0.106395
0.083124
0.131069
0.081508
0.106783
0.124863
0.161858
0.095138
0.122391
0.191735
0.091740
0.097368
0.110888
0.089676
0.090634
0.132928
0.128520
0.118841
0.094574
0.155132
0.103678
0.129417
0.109099
0.089739
0.091658
0.102024
0.136446
0.087008
0.093537
0.203363
0.100728
0.112984
0.100174
0.086248
0.081140
0.084787
0.091394
0.087006
0.086069
0.146503
0.109379
0.099108
0.089983
0.103952
0.109320
0.140554
0.089411
0.081921
0.082295
0.175390
0.165448
0.082777
0.092553
0.113775
0.138572
0.101562
0.108758
0.085011
0.093753
0.214882
0.084407
0.100607
0.091352
0.104530
0.099401
0.089050
0.079333
0.089590
0.083484
0.208494
0.137589
0.114958
0.083428
0.079248
0.052203
0.086178
0.082092
0.080700
0.077310
0.178639
0.089077
0.088229
0.106709
0.096144
0.067765
0.098768
0.093205
0.093528
0.091350
0.166877
0.102068
0.125942
0.080059
0.115919
0.072441
0.149390
0.075254
0.042645
0.126649
0.183344
0.109880
0.092530
0.085191
0.096348
0.078222
0.095465
0.084959
0.094014
0.095272
0.197934
0.106991
0.119214
0.098477
0.088733
0.090467
0.104038
0.088322
0.101426
0.074760
0.150088
0.092319
0.087909
0.068671
0.068311
0.095055
0.098872
0.083897
0.069345
0.101167
0.169751
0.091407
0.119540
0.108329
0.065918
0.078239
0.102913
0.094122
0.106869
0.088146
0.212685
0.130962
0.094866
0.073104
0.075555
0.076148
0.090116
0.080588
0.079996
0.078248
0.250612
0.083844
0.093245
0.073008
0.064830
0.056241
0.091546
0.088841
0.086013
0.084875
0.147934
0.079985
0.113860
0.106963
0.095382
0.099408
0.080728
0.092295
0.090589
0.113741
0.169720
0.079394
0.084878
0.076318
0.082495
0.078075
0.093028
0.096136
0.091567
0.104703
0.161613
0.104501
0.093473
0.081712
0.088032
0.093001
0.109442
0.113719
0.065674
0.065010
0.115676
0.126989
0.077324
0.082863
0.097757
0.111328
0.092889
0.074598
0.151119
0.086478
0.154211
0.092036
0.088392
0.073381
0.080038
0.079354
0.117940
0.106852
0.077147
0.075023
0.162093
0.101631
0.091837
0.089071
0.073952
0.076617
0.089079
0.127147
0.089195
0.092436
0.177834
0.106349
0.154152
0.122366
0.097665
0.081280
0.128505
0.151180
0.121150
0.077568
0.158130
0.074845
0.053354
0.100141
0.134787
0.117522
0.086211
0.127462
0.193963
0.081911
0.149765
0.103825
0.118572
0.152036
0.137798
0.136705
0.100788
0.159491
0.110647
0.114779
0.207641
0.113525
0.088627
0.085921
0.100764
0.086879
0.081449
0.149011
0.124714
0.094215
0.231966
0.115734
0.092346
0.108353
0.086971
0.082088
0.089914
0.082965
0.090280
0.093696
0.201989
0.121474
0.110492
0.126628
0.103409
0.159516
0.091999
0.130489
0.138225
0.141419
0.202718
0.121574
0.110070
0.141789
0.071899
0.043267
0.044812
0.103162
0.055982
0.111105
0.259142
0.099127
0.089346
0.089852
0.107429
0.074409
0.073527
0.118183
0.134998
0.127911
0.157629
0.087037
0.124939
0.165902
0.085461
0.091950
0.100060
0.076744
0.067261
0.083080
0.218313
0.124293
0.111983
0.129737
0.111114
0.123594
0.127673
0.108917
0.088074
0.116030
0.235416
0.154646
0.125103
0.108227
0.124851
0.114621
0.181171
0.123597
0.144886
0.119195
0.311979
0.087243
0.085149
0.143430
0.087330
0.091625
0.085484
0.071346
0.044213
0.078260
0.166325
0.089444
0.124529
0.080309
0.103489
0.072334
0.081891
0.074347
0.038692
0.083816
0.198321
0.087099
0.087561
0.105186
0.069318
0.109544
0.108469
0.095585
0.106367
0.097736
0.142081
0.115336
0.079700
0.103220
0.090303
0.091832
0.141190
0.084211
0.057536
0.041637
0.199710
0.127629
0.121455
0.150805
0.148474
0.060772
0.040815
0.102148
0.098340
0.083642
0.113701
0.094432
0.087351
0.092153
0.102894
0.105151
0.092244
0.104648
0.135078
0.112127
0.153432
0.102428
0.116135
0.099451
0.086839
0.134642
0.125341
0.100782
0.093249
0.083473
0.201550
0.112899
0.125481
0.117944
0.073710
0.156812
0.202476
0.120996
0.100503
0.145705
0.199228
0.111307
0.136606
0.110681
0.110024
0.087265
0.123286
0.112180
0.089643
0.100399
0.098951
0.071847
0.107483
0.093147
0.104488
0.098442
0.080299
0.075980
0.086444
0.066062
0.136030
0.113322
0.115412
0.084252
0.093014
0.194619
0.106999
0.124240
0.097226
0.089636
0.191081
0.120527
0.109187
0.125816
0.091358
0.090205
0.084979
0.080175
0.098513
0.101144
0.155328
0.070294
0.110389
0.119232
0.087806
0.103902
0.106421
0.137636
0.095698
0.072300
0.164442
0.081903
0.096322
0.122532
0.124961
0.118271
0.141534
0.145121
0.118898
0.126184
0.194221
0.119236
0.080519
0.121052
0.065276
0.129844
0.115191
0.090207
0.098595
0.086533
0.140235
0.074148
0.070733
0.060881
0.105791
0.104040
0.109899
0.078559
0.067544
0.067870
0.095662
0.105614
0.109694
0.086426
0.122411
0.150102
0.131221
0.212609
0.114094
0.094260
0.234562
0.144284
0.042918
0.124025
0.139809
0.041812
0.091118
0.056362
0.078978
0.094821
0.196539
0.087174
0.093542
0.082031
0.063252
0.073283
0.087456
0.089095
0.107584
0.100059
0.202752
0.099012
0.088605
0.080600
0.127901
0.050987
0.081810
0.112707
0.071110
0.140092
0.204923
0.089059
0.081012
0.061428
0.080689
0.074773
0.082259
0.085710
0.086972
0.152056
0.151371
0.094171
0.127581
0.067559
0.115206
0.123977
0.060545
0.092665
0.104913
0.107203
0.159394
0.178970
0.086774
0.082146
0.091923
0.093312
0.083454
0.045660
0.078261
0.147877
0.188891
0.089941
0.108247
0.087326
0.080927
0.097031
0.155109
0.099729
0.092244
0.074893
0.111218
0.085019
0.095179
0.121301
0.101805
0.043699
0.083458
0.101644
0.085541
0.086600
0.167086
0.087596
0.109045
0.146229
0.043848
0.075560
0.044276
0.078977
0.165981
0.112107
0.155469
0.096700
0.137640
0.147310
0.110034
0.070828
0.078293
0.129711
0.089945
0.104168
0.182555
0.114723
0.055564
0.083380
0.149719
0.110141
0.133158
0.078718
0.088682
0.084979
0.151958
0.089792
0.051304
0.078117
0.082348
0.085404
0.113786
0.098483
0.089896
0.138282
0.162124
0.108075
0.098787
0.096710
0.134273
0.141776
0.107250
0.191240
0.084175
0.102211
0.180965
0.075405
0.096852
0.068502
0.049845
0.039554
0.160504
0.095771
0.138813
0.126685
0.167884
0.087509
0.087287
0.090301
0.113545
0.106680
0.131300
0.129816
0.093654
0.095192
0.192950
0.113992
0.103022
0.083174
0.106467
0.086239
0.113674
0.080882
0.070007
0.093496
0.210733
0.086257
0.075102
0.046543
0.059771
0.064529
0.071339
0.043383
0.053694
0.090671
0.122115
0.073381
0.068507
0.050012
0.071984
0.060136
0.038453
0.054414
0.076674
0.133964
0.097683
0.096611
0.086387
0.070308
0.043591
0.045612
0.046444
0.071679
0.046561
0.077127
0.129440
0.102218
0.043368
0.077703
0.084435
0.071019
0.048568
0.048904
0.081138
0.067601
0.123794
0.064986
0.087325
0.070130
0.066892
0.056401
0.056828
0.042893
0.070166
0.088115
0.123813
0.103846
0.081696
0.091311
0.047067
0.114189
0.071407
0.052768
0.090312
0.078301
0.130813
0.050547
0.090526
0.140455
0.109801
0.078663
0.104448
0.100157
0.088756
0.062920
0.149998
0.065035
0.128444
0.150317
0.073324
0.053077
0.081952
0.062110
0.040008
0.077757
0.105670
0.087342
0.097994
0.059135
0.104263
0.108532
0.128017
0.092611
0.092434
0.118588
0.159086
0.124833
0.079459
0.129898
0.076870
0.069252
0.124918
0.074549
0.057645
0.103365
0.102983
0.129054
0.061515
0.077291
0.059382
0.038345
0.075624
0.112117
0.100246
0.053652
0.173199
0.126330
0.091485
0.086789
0.126654
0.068202
0.105311
0.081384
0.143297
0.040728
0.154749
0.078075
0.041183
0.112262
0.050790
0.075310
0.066358
0.055513
0.117639
0.090387
0.132802
0.062299
0.126068
0.093433
0.069429
0.096077
0.073442
0.055332
0.129280
0.059291
0.096058
0.071366
0.121006
0.113702
0.051600
0.084623
0.080613
0.113408
0.045039
0.137514
0.126859
0.087526
0.046704
0.088796
0.045270
0.080506
0.098620
0.047803
0.086662
0.123530
0.127102
0.041734
0.056044
0.098647
0.095210
0.082935
0.068074
0.049129
0.069083
0.105211
0.233901
0.086122
0.111416
0.083840
0.050712
0.071259
0.039015
0.108985
0.043710
0.089746
0.188392
0.085444
0.055881
0.061487
0.043533
0.097391
0.068117
0.066761
0.062210
0.103487
0.179459
0.103455
0.064322
0.099966
0.090144
0.055479
0.079731
0.047754
0.086203
0.133190
0.115807
0.073391
0.047894
0.048940
0.081851
0.052505
0.087848
0.046886
0.071327
0.084851
0.109927
0.074233
0.069870
0.071816
0.066650
0.067477
0.074037
0.050838
0.113222
0.044350
0.133235
0.077853
0.072223
0.038644
0.078445
0.036273
0.064392
0.054875
0.089492
0.049636
0.111412
0.041827
0.056546
0.070263
0.053145
0.036922
0.095529
0.047519
0.040562
0.077466
0.127494
0.080489
0.081698
0.086291
0.047541
0.079574
0.044882
0.046241
0.065500
0.066396
0.163212
0.064957
0.050838
0.053519
0.089747
0.046919
0.042040
0.043054
0.055305
0.097195
0.137924
0.056187
0.106348
0.076905
0.056479
0.083490
0.075727
0.055320
0.042935
0.135305
0.131031
0.054828
0.055064
0.038321
0.070599
0.063493
0.065333
0.071207
0.054958
0.079913
0.144926
0.094656
0.045737
0.075489
0.071072
0.079599
0.047620
0.058860
0.107465
0.075487
0.130414
0.089455
0.073025
0.055380
0.056847
0.047337
0.067889
0.078045
0.093130
0.099751
0.127090
0.059675
0.089534
0.097785
0.051147
0.042854
0.136717
0.085344
0.106142
0.130685
0.091222
0.069137
0.045230
0.047619
0.084847
0.076731
0.076734
0.042883
0.083521
0.054573
0.147416
0.082916
0.075002
0.071509
0.058787
0.086838
0.106723
0.041885
0.080354
0.047322
0.150691
0.042773
0.066281
0.055780
0.117943
0.075711
0.070663
0.113594
0.117796
0.087094
0.093486
0.048287
0.073273
0.076030
0.053550
0.075588
0.099654
0.078117
0.085306
0.084754
0.098754
0.078558
0.087679
0.093116
0.043677
0.147637
0.065207
0.080618
0.060488
0.047605
0.093641
0.037314
0.039323
0.051348
0.046978
0.036762
0.040440
0.039199
0.037732
0.041041
0.091964
0.039010
0.050013
0.036944
0.080785
0.041662
0.045392
0.042601
0.047073
0.046414
0.088729
0.039048
0.040465
0.037230
0.074236
0.038385
0.045798
0.040028
0.046029
0.044357
0.091013
0.037417
0.038782
0.042077
0.053208
0.045417
0.037827
0.043045
0.048728
0.043278
0.096695
0.044046
0.046199
0.046715
0.044494
0.040548
0.062217
0.043124
0.041072
0.038990
0.082189
0.037620
0.038818
