1.765972
0.066384
0.038970
0.043422
0.043326
0.079044
0.045831
0.042886
0.047401
0.047309
0.099618
0.039149
0.044209
0.043664
0.045761
0.072835
0.083974
0.049046
0.056120
0.039855
0.095498
0.046860
0.046367
0.064103
0.080483
0.048594
0.047525
0.073323
0.047281
0.051215
0.090299
0.040499
0.043141
0.044281
0.042604
0.040356
0.041064
0.071101
0.042373
0.046190
0.096979
0.044781
0.046487
0.046857
0.047370
0.048310
0.047234
0.056358
0.039331
0.040043
0.086995
0.041538
0.042915
0.038860
0.043188
0.084259
0.042675
0.068192
0.049100
0.050205
0.092324
0.038108
0.041207
0.045307
0.044333
0.044097
0.046582
0.047441
0.056087
0.041748
0.095169
0.046804
0.053673
0.049592
0.049408
0.049446
0.049722
0.046242
0.056607
0.037585
0.092067
0.046396
0.048244
0.050530
0.049891
0.051861
0.049732
0.056713
0.046834
0.041445
0.098067
0.049524
0.050904
0.047591
0.054945
0.049585
0.048958
0.047179
0.053590
0.042071
0.091337
0.095100
0.045733
0.093098
0.039357
0.038714
0.090693
0.118161
0.092017
0.094324
0.088857
0.037138
0.037815
0.037884
0.039992
0.039576
0.073659
0.046494
0.045193
0.042046
0.094083
0.044760
0.045900
0.048476
0.054535
0.045152
0.046891
0.054472
0.038231
0.041132
0.085961
0.041102
0.043137
0.050495
0.051656
0.050295
0.047412
0.056914
0.039834
0.037807
0.090850
0.041779
0.042649
0.042377
0.045935
0.048254
0.047111
0.068561
0.038542
0.042328
0.089252
0.044781
0.044949
0.042662
0.044966
0.048458
0.051603
0.053271
0.038862
0.044337
0.068457
0.028592
0.027815
0.031895
0.028096
0.027131
0.027403
0.027548
0.029344
0.029990
0.069440
0.028444
0.027957
0.029777
0.027816
0.027292
0.027604
0.027391
0.027651
0.027201
0.066710
0.027864
0.027323
0.028066
0.027235
0.026842
0.026932
0.026310
0.026718
0.033278
0.067318
0.029423
0.027769
0.028280
0.027313
0.026909
0.027037
0.026824
0.026747
0.029016
0.069154
0.029100
0.028219
0.028022
0.027792
0.033172
0.028452
0.027926
0.028387
0.027856
0.070044
0.030231
0.031069
0.030128
0.028103
0.027695
0.027697
0.027382
0.027469
0.027339
0.068976
0.028898
0.027868
0.027513
0.027970
0.028089
0.028064
0.038111
0.028131
0.028444
0.068715
0.028640
0.028004
0.030349
0.028548
0.028516
0.028979
0.028912
0.028692
0.028093
0.069557
0.028377
0.028394
0.027581
0.028520
0.027540
0.027676
0.027264
0.027382
0.032312
0.068052
0.028569
0.027633
0.027684
0.027653
0.027924
0.028323
0.028345
0.027434
0.027433
0.068099
0.027945
0.028113
0.026008
0.027048
0.026887
0.026697
0.026139
0.068473
0.074792
0.068720
0.067997
0.068987
0.068987
0.069813
0.069923
0.069867
0.069137
0.028189
0.068936
0.069566
0.028659
0.027743
0.068117
0.070687
0.027836
0.032933
0.029433
0.026978
0.027040
0.067218
0.030352
0.028827
0.035704
0.027080
0.027169
0.026282
0.026334
0.026675
0.026422
0.066660
0.028266
0.027665
0.026767
0.030423
0.026703
0.027163
0.026422
0.027128
0.026740
0.066710
0.029442
0.028315
0.026880
0.026359
0.026472
0.027584
0.026343
0.027456
0.026079
0.067209
0.027595
0.027044
0.026359
0.026267
0.026310
0.029204
0.026604
0.027213
0.026193
0.065656
0.027464
0.026765
0.026173
0.067321
0.068771
0.028338
0.027006
0.027132
0.026766
0.065294
0.028487
0.027563
0.031882
0.026252
0.026213
0.028508
0.028423
0.026584
0.027606
0.065605
0.027198
0.027174
0.026208
0.026470
0.032987
0.026926
0.025987
0.026516
0.025847
0.074762
0.027447
0.030450
0.027021
0.066478
0.069784
0.068203
0.069566
0.073374
0.069458
0.069732
0.069398
0.068334
0.068939
0.071280
0.067949
0.029030
0.027543
0.027686
0.026854
0.066740
0.030354
0.030234
0.031866
0.027413
0.026571
0.027664
0.026873
0.027243
0.029080
0.067855
0.029022
0.027659
0.027586
0.027152
0.027669
0.027611
0.026785
0.028255
0.027415
0.067144
0.028124
0.027864
0.027599
0.028602
0.026974
0.031040
0.027141
0.029213
0.027044
0.066693
0.028726
0.028964
0.027444
0.027812
0.026890
0.027395
0.027843
0.028868
0.027889
0.067856
0.028647
0.027836
0.027051
0.027358
0.027690
0.028411
0.028928
0.029423
0.034132
0.068251
0.029195
0.028451
0.028335
0.029716
0.027755
0.028760
0.027409
0.029190
0.027990
0.068166
0.028427
0.028495
0.029342
0.028049
0.027509
0.027775
0.027734
0.028009
0.029629
0.071465
0.030727
0.028230
0.027788
0.027578
0.027713
0.029364
0.027694
0.026971
0.027009
0.067685
0.028795
0.035550
0.030368
0.028177
0.027720
0.027637
0.028470
0.028246
0.028030
0.068459
0.029188
0.028495
0.027878
0.028378
0.028815
0.028961
0.028519
0.030568
0.030818
0.070169
0.029600
0.029139
0.027716
0.027297
0.028875
0.027752
0.027069
0.027672
0.027121
0.067183
0.028166
0.027433
0.027215
0.027448
0.027792
0.027558
0.026946
0.027451
0.027561
0.069181
0.027696
0.027210
0.026633
0.040864
0.027857
0.028078
0.028221
0.030535
0.027971
0.069970
0.028527
0.027847
0.033191
0.031073
0.027402
0.028107
0.027794
0.027869
0.027106
0.069180
0.029854
0.028188
0.027442
0.027843
0.027354
0.027785
0.027810
0.028306
0.027886
0.071161
0.028626
0.028507
0.027668
0.027680
0.036047
0.031103
0.028823
0.069900
0.028679
0.069407
0.071035
0.028992
0.028494
0.068815
0.028186
0.027911
0.027070
0.027957
0.027985
0.067969
0.028558
0.028608
0.029165
0.029613
0.027369
0.029866
0.028284
0.032552
0.027308
0.067188
0.029152
0.028488
0.027759
0.027706
0.027052
0.027032
0.026864
0.027362
0.033622
0.071663
0.031741
0.027847
0.027269
0.028173
0.031730
0.029425
0.027475
0.027239
0.027199
0.071511
0.028358
0.028650
0.028116
0.068535
0.068835
0.068936
0.027793
0.067449
0.067977
0.067906
0.028452
0.027427
0.068632
0.029078
0.066846
0.029148
0.026759
0.029864
0.028560
0.066540
0.028117
0.028705
0.027675
0.027324
0.027485
0.027835
0.027278
0.026926
0.028858
0.066321
0.028831
0.028326
0.028314
0.030410
0.027895
0.026416
0.027339
0.028774
0.026982
0.067159
0.028857
0.028132
0.027026
0.026805
0.026536
0.028008
0.027409
0.027118
0.027161
0.066557
0.028742
0.027547
0.026882
0.027205
0.027492
0.028312
0.027328
0.027483
0.026760
0.068817
0.028314
0.028292
0.028217
0.027812
0.027863
0.027957
0.027686
0.027817
0.027636
0.068440
0.029374
0.028125
0.026648
0.028405
0.026991
0.028060
0.026977
0.027105
0.026799
0.069006
0.027374
0.029487
0.027611
0.027774
0.029392
0.027913
0.027839
0.027868
0.027389
0.067705
0.030072
0.028190
0.027242
0.027863
0.027470
0.028305
0.027355
0.028168
0.027687
0.069206
0.028812
0.027884
0.027275
0.027600
0.032572
0.027012
0.027747
0.027696
0.027333
0.068689
0.029054
0.027874
0.029262
0.029826
0.028057
0.028044
0.027306
0.028638
0.030883
0.069159
0.029412
0.028161
0.027266
0.028605
0.026927
0.027923
0.029807
0.027673
0.028240
0.069115
0.028394
0.070155
0.068768
0.070565
0.027816
0.027859
0.027073
0.080820
0.030906
0.069733
0.028078
0.027591
0.027056
0.027928
0.027011
0.028316
0.027887
0.028409
0.026806
0.066988
0.030320
0.027713
0.026866
0.027268
0.026795
0.027207
0.028010
0.027535
0.027066
0.066437
0.027883
0.029278
0.027610
0.027303
0.026958
0.027375
0.026651
0.027235
0.027570
0.067347
0.028929
0.029223
0.067207
0.029415
0.029830
0.027555
0.027280
0.027789
0.027059
0.066692
0.028946
0.027982
0.033313
0.030683
0.028216
0.028178
0.027392
0.027542
0.030816
0.073108
0.029078
0.028073
0.027595
0.027993
0.027811
0.028149
0.030223
0.028821
0.028752
0.069453
0.028358
0.028728
0.030288
0.028301
0.028465
0.030474
0.030469
0.028529
0.027725
0.067827
0.033949
0.028603
0.028137
0.027522
0.027303
0.028061
0.027620
0.027379
0.027036
0.068012
0.028826
0.027753
0.028251
0.028113
0.028151
0.027310
0.027306
0.027505
0.027742
0.067407
0.027665
0.028499
0.027474
0.033084
0.030400
0.028233
0.027657
0.028263
0.027227
0.068762
0.027714
0.028072
0.027504
0.030156
0.027509
0.027805
0.027591
0.027881
0.027834
0.067800
0.028587
0.027440
0.068138
0.072759
0.069288
0.069158
0.068342
0.068283
0.068099
0.070526
0.029174
0.028406
0.027496
0.027107
0.028277
0.071139
0.068699
0.028477
0.028494
0.068702
0.029306
0.028208
0.029277
0.030068
0.067520
0.070170
0.068515
0.068843
0.071818
0.068071
0.027963
0.027074
0.066532
0.068865
0.072102
0.069052
0.028857
0.027089
0.027623
0.066648
0.068766
0.027581
0.026093
0.026702
0.026095
0.026958
0.066018
0.028434
0.026939
0.066271
0.027867
0.027828
0.027423
0.014015
0.027157
0.014175
0.014007
0.013918
0.013644
0.053248
0.014498
0.014091
0.013402
0.013466
0.013480
0.013897
0.013773
0.014149
0.013399
0.053238
0.013592
0.013821
0.014112
0.013601
0.013470
0.013403
0.013277
0.014034
0.013528
0.053125
0.014118
0.014080
0.013752
0.013760
0.013692
0.013755
0.014185
0.033761
0.027511
0.066868
0.028736
0.028931
0.027711
0.028142
0.027530
0.028174
0.027806
0.029530
0.027645
0.069904
0.030631
0.028911
0.028226
0.031722
0.028669
0.035862
0.029603
0.029601
0.029081
0.070598
0.030007
0.029161
0.028197
0.027681
0.027096
0.027628
0.027715
0.029991
0.027465
0.068974
0.028503
0.028517
0.034450
0.031227
0.027835
0.029227
0.029030
0.028820
0.028316
0.069755
0.028696
0.028704
0.028049
0.028133
0.028113
0.028004
0.027850
0.030260
0.029565
0.070437
0.028987
0.028709
0.028157
0.028272
0.029111
0.028159
0.027917
0.028218
0.027969
0.068611
0.031080
0.034215
0.028046
0.028373
0.028021
0.028078
0.027783
0.027714
0.028026
0.068874
0.028754
0.028414
0.027430
0.028269
0.028095
0.027611
0.027627
0.028082
0.027485
0.068826
0.027827
0.028830
0.032295
0.028134
0.028475
0.028709
0.027851
0.028087
0.027405
0.070656
0.032445
0.029406
0.029579
0.030182
0.031154
0.031598
0.030129
0.031577
0.029666
0.071721
0.031125
0.032143
0.029981
0.030945
0.029849
0.029620
0.029328
0.031802
0.030315
0.069672
0.029507
0.029167
0.031675
0.029216
0.029759
0.029711
0.029115
0.029292
0.028892
0.070725
0.029929
0.028738
0.028470
0.029998
0.029986
0.030388
0.031307
0.029099
0.029233
0.071994
0.030346
0.030998
0.030377
0.030423
0.030270
0.030405
0.029257
0.030731
0.028845
0.071495
0.029812
0.029546
0.029697
0.074390
0.030872
0.032217
0.072910
0.031577
0.030017
0.071608
0.031538
0.029231
0.028261
0.028176
0.028297
0.028659
0.028024
0.028055
0.027969
0.068920
0.028514
0.028270
0.030122
0.030185
0.028476
0.028406
0.028541
0.029207
0.028696
0.068768
0.029227
0.035497
0.030044
0.029150
0.027646
0.028212
0.027609
0.027996
0.027903
0.069065
0.029647
0.028159
0.029879
0.027801
0.027709
0.030796
0.028607
0.028243
0.028090
0.068684
0.029424
0.028197
0.027832
0.028217
0.027615
0.029903
0.028086
0.027843
0.027946
0.067873
0.029245
0.027802
0.028524
0.027951
0.028084
0.027917
0.027822
0.028104
0.028328
0.069920
0.033849
0.028396
0.027489
0.028747
0.028249
0.028527
0.027444
0.027764
0.027640
0.068413
0.032763
0.028610
0.027629
0.027700
0.027789
0.028075
0.027827
0.027933
0.027796
0.070112
0.028582
0.027780
0.033591
0.029726
0.028159
0.028935
0.027986
0.028085
0.027339
0.067630
0.028416
0.031222
0.027460
0.027793
0.026939
0.027978
0.026976
0.029107
0.027484
0.068597
0.068660
0.068905
0.069668
0.029135
0.028136
0.027378
0.027090
0.066554
0.068747
0.069141
0.028844
0.027528
0.027100
0.026490
0.027004
0.027671
0.026588
0.030528
0.029853
0.065994
0.028276
0.026837
0.026873
0.032755
0.026809
0.027108
0.026957
0.026568
0.026775
0.067517
0.029001
0.028618
0.027385
0.027611
0.028048
0.027548
0.027205
0.027630
0.027192
0.066770
0.029252
0.030596
0.029814
0.030891
0.029615
0.029960
0.030988
0.029182
0.028500
0.067834
0.028391
0.028683
0.027362
0.067838
0.068698
0.029161
0.068603
0.028473
0.067914
0.069618
0.069304
0.029815
0.069563
0.070955
0.029357
0.068086
0.069881
0.028897
0.068010
0.069603
0.072178
0.029477
0.068353
0.071001
0.031472
0.068323
0.029299
0.069556
0.029243
0.066920
0.068749
0.069096
0.075019
0.070169
0.029372
0.028799
0.067093
0.029901
0.028311
0.071793
0.069886
0.031615
0.027636
0.074655
0.029577
0.067963
0.069444
0.071183
0.069342
0.069758
0.069899
0.070194
0.069199
0.069727
0.069336
0.070140
0.030317
0.028235
0.029687
0.067990
0.070005
0.029657
0.028265
0.067833
0.029061
0.029104
0.027929
0.028002
0.027480
0.067728
0.029368
0.029280
0.034576
0.029274
0.028013
0.027746
0.073655
0.029387
0.028333
0.066877
0.028564
0.069127
0.070150
0.070118
0.029721
0.067927
0.030150
0.068421
0.071342
0.069479
0.030090
0.069513
0.029288
0.068737
0.070261
0.030342
0.028237
0.071264
0.029551
0.069034
0.029817
0.069039
0.029477
0.029450
0.028265
0.028600
0.067644
0.029912
0.028252
0.070792
0.034844
0.030120
0.028513
0.068098
0.070602
0.030880
0.068937
0.070117
0.070465
0.071186
0.071542
0.028566
0.028620
0.069818
0.072071
0.029932
0.068379
0.029359
0.027589
0.066679
0.070522
0.070384
0.069514
0.070203
0.068680
0.069623
0.029597
0.028786
0.030495
0.069281
0.029720
0.028500
0.028127
0.028095
0.028823
0.070284
0.031313
0.030904
0.029998
0.067546
0.029865
0.029237
0.028230
0.028884
0.028183
0.068970
0.029599
0.072086
0.032916
0.069691
0.030499
0.033417
0.029101
0.028396
0.028896
0.029036
0.068589
0.032561
0.029649
0.068468
0.030806
0.028971
0.028800
0.028878
0.028906
0.074171
0.071120
0.029696
0.029184
0.067847
0.029861
0.029330
0.028947
0.028600
0.027280
0.067632
0.029575
0.029852
0.030484
0.070349
0.031842
0.030029
0.030051
0.028684
0.028387
0.068717
0.074556
0.070627
0.070697
0.070334
0.071091
0.070322
0.069695
0.070501
0.030311
0.069383
0.030375
0.029630
0.029771
0.069189
0.033985
0.029533
0.029093
0.029377
0.028636
0.028992
0.028806
0.029084
0.029722
0.071656
0.029482
0.029173
0.028514
0.030532
0.071476
0.068078
0.031117
0.031442
0.029670
0.069546
0.026414
0.065904
0.073144
0.031965
0.031075
0.034257
0.033017
0.033843
0.030721
0.071340
0.026912
0.031326
0.031823
0.025371
0.030795
0.065727
0.072883
0.074366
0.067818
0.072853
0.027441
0.025905
0.026637
0.025473
0.065833
0.027897
0.026680
0.072348
0.028504
0.067137
0.026988
0.026458
0.028151
0.026951
0.027425
0.026544
0.030574
0.026603
0.026741
0.069106
0.030600
0.026860
0.026534
0.027027
0.026486
0.027171
0.026487
0.066858
0.027714
0.067891
0.027451
0.027068
0.026874
0.025623
0.064382
0.027473
0.025994
0.026923
0.025602
0.065585
0.027309
0.026762
0.064010
0.069303
0.028054
0.026025
0.063741
0.032072
0.066297
0.067661
0.068363
0.067952
0.027379
0.027763
0.064931
0.071302
0.026262
0.025707
0.025458
0.065209
0.027328
0.026057
0.025203
0.026254
0.025725
0.025872
0.026266
0.025094
0.025048
0.065315
0.026982
0.025984
0.026263
0.025870
0.036010
0.025478
0.064750
0.028059
0.027308
0.066428
0.026645
0.030967
0.068502
0.028257
0.026083
0.028079
0.066308
0.027460
0.026550
0.067526
0.026777
0.065610
0.068056
0.027007
0.025565
0.025869
0.025702
0.026599
0.025071
0.065574
0.026910
0.025968
0.025441
0.026193
0.027470
0.026262
0.028174
0.024644
0.025420
0.065460
0.026931
0.026373
0.025635
0.025247
0.025108
0.038456
0.029700
0.027497
0.024902
0.065778
0.028068
0.026406
0.026858
0.025763
0.025059
0.025760
0.026391
0.026056
0.026154
0.065410
0.027551
0.027125
0.065161
0.025748
0.065518
0.026748
0.031284
0.067473
0.026263
0.066285
0.026687
0.029551
0.027246
0.025137
0.025108
0.025828
0.026011
0.065825
0.027743
0.066244
0.027282
0.026943
0.024676
0.025222
0.024777
0.024971
0.024285
0.067178
0.067842
0.067395
0.028368
0.025740
0.065333
0.067278
0.028243
0.028147
0.025797
0.024448
0.024541
0.064706
0.027687
0.025412
0.025505
0.024822
0.024890
0.025062
0.025179
0.026306
0.024431
0.066223
0.026206
0.024424
0.025633
0.025267
0.025936
0.025424
0.024992
0.025498
0.024575
0.065309
0.026034
0.025065
0.025753
0.025419
0.025738
0.025679
0.066362
0.067709
0.069931
0.066426
0.025654
0.025926
0.027840
0.025513
0.016602
0.030032
0.030013
0.030159
0.016474
0.056213
0.031493
0.017671
0.030643
0.019024
0.017353
0.017268
0.015311
0.016064
0.015247
0.069106
0.030977
0.031123
0.066776
0.031314
0.025471
0.011817
0.065746
0.070536
0.069086
0.067641
0.026789
0.025556
0.026142
0.066890
0.032280
0.031340
0.065859
0.032014
0.032481
0.078710
0.031232
0.031245
0.033544
0.030544
0.032824
0.065010
0.032984
0.031432
0.030236
0.069872
0.031320
0.030106
