1.277628
0.027635
0.027296
0.035491
0.027523
0.027309
0.025906
0.026536
0.013874
0.017127
0.070767
0.069852
0.070329
0.070971
0.070255
0.029634
0.068733
0.069363
0.065314
0.025983
0.065314
0.065991
0.026142
0.066125
0.026016
0.026138
0.064725
0.065135
0.013545
0.026431
0.065239
0.025621
0.027692
0.014755
0.014587
0.012461
0.025116
0.064649
0.026862
0.026771
0.053190
0.026075
0.027825
0.025738
0.026780
0.025328
0.025777
0.064885
0.067304
0.066227
0.067174
0.066061
0.065460
0.065321
0.067820
0.066550
0.036766
0.026659
0.068862
0.066731
0.066051
0.066951
0.028367
0.025705
0.025051
0.025132
0.026322
0.026911
0.026337
0.025299
0.066058
0.031151
0.028439
0.028992
0.032426
0.029478
0.029672
0.079519
0.069592
0.069680
0.069632
0.030714
0.029564
0.028479
0.028661
0.031711
0.069486
0.027364
0.028039
0.026263
0.065728
0.066896
0.031041
0.026218
0.070816
0.027284
0.026889
0.027014
0.027969
0.031039
0.070051
0.029075
0.030417
0.026809
0.026351
0.025714
0.026686
0.025779
0.026490
0.026738
0.063928
0.027501
0.026357
0.025294
0.027268
0.027174
0.026057
0.025654
0.026628
0.027090
0.065692
0.029518
0.028593
0.025832
0.026181
0.026666
0.027146
0.026784
0.024868
0.024574
0.064597
0.026694
0.027120
0.026178
0.025984
0.025124
0.030724
0.026386
0.026550
0.025474
0.064954
0.026396
0.027030
0.065505
0.027505
0.026460
0.027355
0.026440
0.027191
0.026230
0.067230
0.026679
0.027379
0.026549
0.027949
0.026811
0.031486
0.026810
0.031303
0.027101
0.069964
0.029514
0.029352
0.028791
0.029377
0.029246
0.027519
0.026892
0.027227
0.026450
0.067495
0.027595
0.026537
0.026576
0.027825
0.026415
0.027662
0.026753
0.026529
0.027259
0.068352
0.027085
0.028168
0.026880
0.028009
0.026414
0.069275
0.070583
0.027887
0.026237
0.066600
0.027441
0.026760
0.027419
0.026690
0.027167
0.065336
0.026564
0.026271
0.026130
0.066527
0.027729
0.026915
0.027132
0.065163
0.025741
0.026302
0.026369
0.025530
0.026498
0.065945
0.028522
0.027168
0.037506
0.027718
0.027598
0.027092
0.027089
0.027144
0.027685
0.065859
0.031980
0.026813
0.027273
0.026986
0.027408
0.026506
0.026108
0.026000
0.027722
0.066714
0.027572
0.026819
0.026264
0.027335
0.027859
0.027416
0.027033
0.026573
0.027473
0.069206
0.027472
0.026893
0.027959
0.030767
0.027003
0.026770
0.027450
0.027094
0.027489
0.066658
0.027621
0.027669
0.027276
0.027838
0.026981
0.027300
0.026725
0.026299
0.026826
0.070746
0.030760
0.030874
0.030970
0.029598
0.029109
0.033827
0.028945
0.028886
0.029482
0.066898
0.027181
0.027849
0.027070
0.026159
0.025821
0.027516
0.026092
0.027043
0.026191
0.065979
0.027691
0.026489
0.027668
0.029742
0.027937
0.026646
0.026147
0.027349
0.028375
0.067095
0.027339
0.066906
0.066664
0.067189
0.067084
0.066428
0.067546
0.069154
0.066982
0.067024
0.067275
0.067286
0.067832
0.067320
0.066412
0.068005
0.066925
0.067732
0.066570
0.067030
0.027648
0.066613
0.067226
0.027716
0.066700
0.071906
0.067257
0.066916
0.027525
0.065004
0.030351
0.030083
0.067483
0.069340
0.069319
0.070591
0.030175
0.069327
0.029822
0.071166
0.030355
0.030201
0.030423
0.028103
0.026740
0.028177
0.027638
0.026761
0.026650
0.067125
0.068029
0.066658
0.067479
0.067513
0.067584
0.027171
0.026483
0.026101
0.030621
0.066913
0.027432
0.027454
0.026661
0.028488
0.026491
0.026262
0.027636
0.026503
0.026988
0.065365
0.027468
0.026811
0.027673
0.026595
0.026796
0.027024
0.025903
0.026719
0.025964
0.065621
0.027235
0.026599
0.025483
0.026855
0.025471
0.066596
0.026788
0.026217
0.027321
0.066221
0.026737
0.026993
0.026803
0.026339
0.067553
0.067666
0.068084
0.027276
0.026750
0.066796
0.029619
0.026384
0.027670
0.065406
0.028695
0.065827
0.028542
0.027205
0.067553
0.067391
0.068540
0.068080
0.073237
0.067796
0.066845
0.069341
0.027081
0.026176
0.066521
0.067809
0.067823
0.027670
0.026117
0.025860
0.068848
0.068155
0.068425
0.028187
0.027535
0.067369
0.029497
0.027738
0.028300
0.067623
0.068621
0.071026
0.068257
0.067815
0.067564
0.068017
0.068298
0.068908
0.027996
0.067429
0.028476
0.027559
0.027302
0.031832
0.026995
0.066966
0.068723
0.067670
0.067263
0.028069
0.027281
0.027869
0.027038
0.026514
0.026116
0.065772
0.027442
0.027442
0.026470
0.026380
0.026797
0.026356
0.025651
0.031599
0.025791
0.064945
0.027050
0.067226
0.029005
0.027193
0.027403
0.026984
0.027076
0.027781
0.027344
0.067611
0.028642
0.067605
0.028361
0.027850
0.066915
0.027744
0.068155
0.068511
0.067972
0.068463
0.028423
0.027354
0.026942
0.026352
0.065959
0.027362
0.026927
0.027169
0.034107
0.069252
0.028301
0.027887
0.066734
0.028027
0.031677
0.026953
0.026449
0.026183
0.027119
0.065566
0.027075
0.026317
0.025996
0.026230
0.026531
0.026804
0.026449
0.026483
0.028338
0.066671
0.028558
0.027767
0.028206
0.029896
0.029669
0.029355
0.026764
0.026361
0.025810
0.065591
0.026899
0.026210
0.026531
0.026505
0.026058
0.025411
0.026249
0.025920
0.027779
0.066699
0.030091
0.029278
0.028171
0.029510
0.027924
0.027966
0.027814
0.027196
0.027905
0.071181
0.027652
0.027275
0.026066
0.026088
0.026554
0.025925
0.025389
0.025567
0.025824
0.066003
0.026696
0.025783
0.025768
0.025411
0.025231
0.025269
0.025694
0.025374
0.025311
0.065012
0.025941
0.026964
0.029450
0.026585
0.026656
0.026393
0.026519
0.026127
0.026642
0.065949
0.026692
0.027753
0.026463
0.025991
0.025766
0.027699
0.026263
0.026512
0.025978
0.065889
0.026331
0.026311
0.025918
0.026331
0.025812
0.025829
0.027064
0.026581
0.027362
0.065773
0.028012
0.027092
0.026796
0.026613
0.027069
0.026352
0.027660
0.026323
0.026193
0.065576
0.026422
0.025685
0.025714
0.025464
0.025006
0.064949
0.030340
0.066081
0.026329
0.066997
0.027047
0.027480
0.027325
0.026253
0.026925
0.025764
0.027083
0.026977
0.028298
0.066490
0.027805
0.026175
0.024666
0.025588
0.024877
0.024716
0.025325
0.025594
0.025811
0.064043
0.026971
0.026669
0.025878
0.025286
0.025490
0.025468
0.025521
0.025341
0.025499
0.064948
0.027390
0.028182
0.026573
0.027811
0.026348
0.026810
0.027060
0.026549
0.027549
0.065818
0.028017
0.027978
0.027475
0.031331
0.027052
0.026506
0.026678
0.026234
0.026483
0.066189
0.026643
0.026489
0.025711
0.025761
0.025789
0.025849
0.025716
0.026458
0.026096
0.065712
0.026590
0.027068
0.027618
0.027002
0.026977
0.026265
0.027248
0.026174
0.026834
0.065662
0.027026
0.026788
0.027107
0.026735
0.026601
0.027081
0.026841
0.027004
0.028915
0.066572
0.027144
0.026762
0.027088
0.027084
0.026275
0.026711
0.026790
0.027245
0.027451
0.066221
0.026843
0.027183
0.027755
0.027402
0.026389
0.026806
0.027161
0.027197
0.026484
0.066108
0.026477
0.026698
0.026332
0.026131
0.026155
0.025943
0.026038
0.025923
0.025789
0.065654
0.027172
0.027617
0.028669
0.027428
0.026721
0.026810
0.028344
0.026401
0.026567
0.066932
0.027760
0.026273
0.027069
0.027838
0.026168
0.025820
0.025688
0.025975
0.025845
0.064992
0.026408
0.026447
0.025720
0.025605
0.025871
0.025851
0.030487
0.025851
0.025585
0.065198
0.026278
0.026081
0.025709
0.026160
0.026953
0.026408
0.026991
0.026877
0.027232
0.066540
0.028262
0.026925
0.027385
0.027175
0.026792
0.027398
0.026533
0.026789
0.026519
0.067302
0.027361
0.026598
0.026398
0.026175
0.026088
0.026929
0.026615
0.027502
0.026865
0.066862
0.027264
0.027400
0.026338
0.027665
0.026411
0.027245
0.026992
0.026724
0.027656
0.066426
0.026869
0.026481
0.030049
0.026264
0.026241
0.026844
0.026408
0.026074
0.026063
0.065753
0.026810
0.026566
0.026783
0.026738
0.025896
0.025452
0.026098
0.026505
0.026959
0.067816
0.028248
0.027063
0.028156
0.026299
0.027369
0.030224
0.027037
0.027228
0.027356
0.067572
0.027332
0.027075
0.026523
0.026270
0.026284
0.026552
0.026181
0.026241
0.026161
0.066397
0.026429
0.026313
0.025773
0.026089
0.026401
0.026797
0.027368
0.027160
0.026572
0.071183
0.031670
0.026888
0.027020
0.027327
0.027036
0.026799
0.026421
0.027898
0.026628
0.065900
0.026649
0.026477
0.026160
0.026224
0.025627
0.025480
0.025729
0.025559
0.025552
0.064897
0.026574
0.030511
0.026275
0.027751
0.027330
0.026390
0.027663
0.026457
0.027873
0.066353
0.027719
0.027372
0.026135
0.025663
0.026046
0.025894
0.025542
0.025511
0.025949
0.065621
0.026237
0.026124
0.025800
0.026187
0.025551
0.025795
0.026729
0.025824
0.025222
0.065056
0.026680
0.027549
0.026046
0.026868
0.026294
0.026404
0.027280
0.026050
0.026927
0.065270
0.027312
0.026361
0.025562
0.025340
0.025265
0.025706
0.025966
0.025769
0.028980
0.066031
0.026860
0.027017
0.025845
0.026592
0.026248
0.026432
0.026834
0.030010
0.027581
0.066031
0.026591
0.025990
0.026149
0.025879
0.025868
0.026014
0.025886
0.025492
0.025584
0.065365
0.027665
0.027654
0.027065
0.027696
0.026808
0.026984
0.026922
0.026977
0.027091
0.066316
0.027451
0.027201
0.025860
0.025506
0.030479
0.026078
0.026268
0.025887
0.025993
0.065346
0.026191
0.026509
0.025578
0.025777
0.025788
0.025660
0.025558
0.025177
0.025321
0.065645
0.026025
0.025723
0.025563
0.025510
0.027062
0.026415
0.027611
0.027264
0.027136
0.067019
0.028322
0.026878
0.026874
0.027233
0.027992
0.026424
0.026299
0.030460
0.026182
0.065578
0.026427
0.025931
0.026251
0.025676
0.025863
0.025235
0.025409
0.025290
0.025373
0.065346
0.026789
0.026994
0.026629
0.027771
0.026180
0.027625
0.026269
0.027971
0.026421
0.066924
0.028852
0.026380
0.026126
0.026098
0.025816
0.025534
0.025967
0.025495
0.025937
0.066190
0.026754
0.026319
0.025755
0.025962
0.026024
0.026009
0.025904
0.025661
0.025670
0.065516
0.026767
0.026055
0.027039
0.031443
0.026766
0.027581
0.026453
0.027388
0.026831
0.066920
0.027818
0.030926
0.026832
0.026181
0.025758
0.025919
0.025985
0.025911
0.025934
0.065323
0.026538
0.025784
0.025805
0.026073
0.025417
0.025783
0.026035
0.030333
0.027109
0.066630
0.027438
0.026993
0.027658
0.026843
0.027453
0.027049
0.027566
0.026679
0.027799
0.066611
0.027061
0.026283
0.026040
0.025756
0.025653
0.025816
0.026249
0.026133
0.025866
0.068313
0.027056
0.030143
0.026532
0.025893
0.038188
0.027811
0.026954
0.027696
0.026381
0.067382
0.027800
0.026584
0.027434
0.026390
0.026110
0.025633
0.025839
0.025892
0.025773
0.066339
0.026575
0.026681
0.029225
0.026969
0.026364
0.027366
0.026763
0.027519
0.027160
0.067742
0.027346
0.026658
0.025986
0.026000
0.025973
0.025998
0.025911
0.025976
0.026467
0.067055
0.027791
0.027287
0.026955
0.027038
0.027075
0.028197
0.026982
0.026814
0.027042
0.066049
0.027322
0.026483
0.026607
0.026198
0.025870
0.026395
0.025644
0.025513
0.025271
0.065083
0.026376
0.025539
0.026686
0.025870
0.026767
0.026811
0.026219
0.027114
0.066980
0.067153
0.027764
0.028033
0.026805
0.067048
0.070356
0.066694
0.067387
0.066515
0.066527
0.066236
0.066066
0.025800
0.064789
0.070092
0.070751
0.066453
0.066724
0.026592
0.065680
0.068638
0.067002
0.066591
0.069017
0.066515
0.026789
0.025812
0.025749
0.025050
0.025503
0.068531
0.027179
0.026340
0.026014
0.026505
0.026217
0.026804
0.025571
0.027026
0.027715
0.066339
0.027290
0.026597
0.025989
0.025311
0.025346
0.025466
0.025253
0.025941
0.025220
0.064196
0.026148
0.025956
0.029654
0.026623
0.026899
0.026478
0.026741
0.026219
0.026996
0.066644
0.027911
0.028542
0.027647
0.027843
0.026546
0.026190
0.026276
0.027013
0.026180
0.065456
0.026026
0.026463
0.025545
0.025874
0.026305
0.025815
0.029771
0.026815
0.026880
0.066697
0.027093
0.027194
0.027166
0.027101
0.026877
0.027903
0.027212
0.026467
0.026453
0.065950
0.027116
0.026129
0.025265
0.025728
0.025792
0.025511
0.025354
0.026618
0.031705
0.066761
0.028605
0.027745
0.026541
0.026798
0.026647
0.026975
0.026417
0.027934
0.027822
0.074086
0.028265
0.027674
0.027434
0.027323
0.027125
0.026955
0.027228
0.026756
0.027464
0.065957
0.026529
0.026349
0.031096
0.026700
0.026197
0.025882
0.026109
0.025771
0.025411
0.065176
0.027175
0.026444
0.026579
0.026868
0.026325
0.027297
0.025920
0.026833
0.026087
0.066140
0.027205
0.027198
0.026254
0.025944
0.025302
0.025552
0.030472
0.027543
0.027189
0.065156
0.026845
0.026283
0.026041
0.026082
0.026290
0.026337
0.032056
0.068094
0.027045
0.065494
0.026875
0.026614
0.065364
0.027571
0.028761
0.026793
0.027403
0.026460
0.027263
0.065109
0.028793
0.026525
0.027998
0.026861
0.026252
0.026727
0.024760
0.025232
0.024775
0.063586
0.025955
0.025075
0.024582
0.024495
0.024571
0.025726
0.025321
0.026700
0.026041
0.066371
0.027556
0.026576
0.026996
0.027025
0.026710
0.026812
0.066541
0.026834
0.026153
0.065392
0.026235
0.025992
0.029429
0.026446
0.025685
0.025638
0.026053
0.025536
0.025318
0.064708
0.026470
0.026019
0.025544
0.027570
0.026360
0.026069
0.025788
0.065518
0.026858
0.066926
0.027019
0.027094
0.025747
0.026639
0.025757
0.026971
0.025689
0.026896
0.025669
0.066179
0.028642
0.027010
0.026856
0.025853
0.025664
0.026519
0.031013
0.025626
0.026389
0.065022
0.026340
0.025778
0.025325
0.025537
0.025347
0.026434
0.027074
0.026423
0.026794
0.065639
0.027761
0.028327
0.026474
0.027310
0.026276
0.027660
0.026307
0.025682
0.024835
0.065989
0.027185
0.027908
0.025862
0.026087
0.025806
0.025780
0.025923
0.025846
0.025944
0.065173
0.026377
0.026645
0.026325
0.025458
0.026516
0.026346
0.027097
0.066549
0.068440
0.068198
0.070051
0.067071
0.066324
0.066476
0.026307
0.025918
0.025388
0.025767
0.065269
0.067251
0.027061
0.026735
0.026682
0.065992
0.028077
0.027460
0.026506
0.027267
0.026032
0.065836
0.027909
0.026471
0.025838
0.025950
0.025896
0.026258
0.026008
0.025741
0.025923
0.064960
0.026167
0.025400
0.027835
0.025072
0.025378
0.024700
0.026798
0.026639
0.026768
0.065218
0.027929
0.070663
0.028557
0.026754
0.027647
0.028257
0.027951
0.035533
0.026108
0.066438
0.026942
0.026742
0.026160
0.026709
0.027265
0.026203
0.026075
0.026087
0.026219
0.065850
0.027198
0.027837
0.027527
0.031244
0.027382
0.028716
0.027484
0.027272
0.028682
0.066373
0.027535
0.026989
0.026512
0.027286
0.027160
0.025919
0.027549
0.026625
0.026109
0.065439
0.027148
0.025883
0.026438
0.026262
0.026863
0.028351
0.027752
0.027186
0.027305
0.066599
0.026568
0.025823
0.025830
0.026107
0.026169
0.025994
0.026008
0.026166
0.025611
0.066880
0.028099
0.026866
0.027911
0.030985
0.026309
0.027669
0.026220
0.027151
0.029328
0.067204
0.026889
0.026181
0.026590
0.026146
0.026016
0.025611
0.025661
0.026150
0.025879
0.065348
0.026209
0.025729
0.025470
0.025535
0.026779
0.026779
0.027271
0.026484
0.026784
0.066590
0.027553
0.027459
0.027765
0.026584
0.027489
0.027214
0.026232
0.026035
0.025660
0.066157
0.026774
0.026388
0.025959
0.026103
0.025651
0.026203
0.026008
0.025748
0.026443
0.065830
0.026494
0.026103
0.025949
0.026682
0.027625
0.025840
0.025225
0.025873
0.026325
0.066852
0.026983
0.027030
0.027285
0.026724
0.027011
0.026261
0.027606
0.026331
0.025911
0.065624
0.027486
0.025875
0.025870
0.025877
0.025558
0.026619
0.026147
0.031698
0.027901
0.066717
0.027574
0.027471
0.027039
0.027127
0.027669
0.027110
0.026306
0.025864
0.026163
0.066012
0.026850
0.026200
0.026253
0.028190
0.027096
0.027381
0.027002
0.030004
0.029535
0.070245
0.029255
0.028718
0.027794
0.028809
0.027518
0.027103
0.027134
0.027690
0.026605
0.065857
0.026013
0.025623
0.026123
0.027711
0.026319
0.027973
0.027104
0.026622
0.027575
0.066417
0.027236
0.027660
0.026339
0.026098
0.026394
0.026215
0.026059
0.026125
0.025778
0.066203
0.027659
0.026613
0.026636
0.027422
0.026388
0.027405
0.026463
0.027137
0.027283
0.067427
0.026806
0.025896
0.025667
0.026588
0.028687
0.030121
0.027313
0.027523
0.067030
0.066996
0.027751
0.027369
0.027227
0.025921
0.026702
0.026606
0.026488
0.025721
0.026330
0.065039
0.026746
0.026024
0.024835
0.024971
0.024575
0.024685
0.025521
0.029606
0.025034
0.064465
0.025663
0.025544
0.024779
0.025362
0.026170
0.025556
0.026564
0.025895
0.025502
0.064771
0.028350
0.026801
0.027340
0.026037
0.027261
0.025324
0.025241
0.025177
0.025204
0.064528
0.029608
0.025595
0.025539
0.025392
0.025320
0.024485
0.024658
0.024741
0.025074
0.063705
0.025326
0.025652
