1.621919
0.068321
0.047850
0.039687
0.039345
0.037997
0.041326
0.043082
0.049533
0.051300
0.124088
0.048566
0.046837
0.052265
0.047368
0.045376
0.051294
0.050419
0.043632
0.054707
0.136284
0.050159
0.050082
0.048783
0.047115
0.045688
0.044084
0.047938
0.047241
0.047856
0.132812
0.048844
0.044752
0.047235
0.049742
0.052363
0.047797
0.049862
0.048385
0.047001
0.128030
0.049419
0.045782
0.051454
0.048430
0.046421
0.045874
0.051058
0.048403
0.046881
0.140906
0.037906
0.040077
0.044672
0.040224
0.040717
0.038240
0.040612
0.038401
0.046012
0.124590
0.044659
0.044000
0.052090
0.054557
0.049003
0.045294
0.048472
0.045002
0.051681
0.099601
0.042609
0.040374
0.046027
0.047849
0.050383
0.047198
0.049795
0.047523
0.056857
0.095204
0.049400
0.047794
0.047814
0.047388
0.047187
0.047738
0.046821
0.046523
0.046625
0.107744
0.044044
0.044127
0.044697
0.059957
0.047925
0.048005
0.045634
0.044297
0.041770
0.121318
0.043942
0.046946
0.044292
0.042400
0.049346
0.046280
0.045400
0.046348
0.055430
0.094214
0.042952
0.041128
0.046712
0.051428
0.049042
0.049380
0.049626
0.053622
0.057088
0.094893
0.050945
0.048589
0.051703
0.048980
0.044297
0.046808
0.047472
0.048629
0.055854
0.093102
0.046371
0.052076
0.048695
0.056689
0.046235
0.046417
0.046263
0.046538
0.086615
0.096460
0.041669
0.040347
0.038865
0.043037
0.039179
0.042530
0.042807
0.039061
0.073354
0.091941
0.043688
0.038737
0.038885
0.040145
0.038760
0.041927
0.044252
0.043821
0.066607
0.091180
0.047569
0.041775
0.042155
0.042286
0.044093
0.040941
0.045141
0.047272
0.059063
0.086274
0.045429
0.042933
0.045125
0.049887
0.048510
0.053191
0.048863
0.046687
0.051049
0.093307
0.046026
0.046332
0.047537
0.047744
0.048317
0.048012
0.049177
0.050551
0.065769
0.092026
0.043669
0.049499
0.048851
0.053257
0.054307
0.044589
0.045919
0.061219
0.046194
0.096903
0.050906
0.056987
0.047820
0.044867
0.047706
0.043105
0.048101
0.065455
0.044051
0.093359
0.043837
0.045829
0.046950
0.047415
0.049538
0.048821
0.050359
0.047648
0.057345
0.089986
0.043763
0.044721
0.051108
0.046582
0.046178
0.043586
0.045849
0.055247
0.055194
0.096462
0.042177
0.040974
0.038378
0.044130
0.042018
0.045525
0.047921
0.048335
0.058193
0.089015
0.049898
0.049866
0.058268
0.047529
0.050098
0.050104
0.050227
0.050286
0.057648
0.090308
0.044436
0.047743
0.048456
0.047524
0.048055
0.049129
0.045959
0.046687
0.056890
0.095246
0.047007
0.050081
0.051632
0.043025
0.041856
0.044292
0.045483
0.069757
0.048954
0.097782
0.049911
0.048542
0.050789
0.048599
0.047356
0.049438
0.046448
0.048765
0.053994
0.091202
0.046166
0.047943
0.050251
0.047609
0.047697
0.045783
0.048497
0.048206
0.053030
0.089544
0.044074
0.043202
0.044406
0.049040
0.050751
0.047148
0.047489
0.052729
0.050821
0.097435
0.046941
0.050741
0.047067
0.055428
0.049718
0.050216
0.050088
0.051970
0.056895
0.104890
0.043457
0.044254
0.051937
0.050122
0.048226
0.046164
0.048710
0.048924
0.055141
0.087276
0.042212
0.046944
0.058661
0.046586
0.050157
0.047629
0.047805
0.052699
0.060186
0.092002
0.048354
0.050078
0.047628
0.049959
0.046885
0.044519
0.048082
0.059132
0.075249
0.135991
0.041273
0.042175
0.071018
0.083609
0.044159
0.039642
0.041824
0.046838
0.056140
0.097005
0.042042
0.048891
0.051424
0.046577
0.045482
0.044414
0.047369
0.063379
0.084632
0.141192
0.077297
0.046242
0.041640
0.061184
0.044944
0.043222
0.045852
0.047568
0.058303
0.129012
0.076226
0.083508
0.047658
0.047090
0.051526
0.045441
0.048684
0.051381
0.079790
0.139006
0.039062
0.079080
0.043662
0.044884
0.044836
0.048249
0.047651
0.049211
0.045732
0.130013
0.044735
0.040790
0.069302
0.043163
0.039894
0.046242
0.046784
0.045594
0.049323
0.092653
0.041825
0.046584
0.076709
0.050585
0.052151
0.048972
0.048339
0.045932
0.047584
0.094170
0.044266
0.041069
0.090061
0.045029
0.041911
0.040880
0.039158
0.043223
0.042784
0.094006
0.040273
0.041562
0.080863
0.045759
0.050910
0.048867
0.056358
0.050985
0.047278
0.092340
0.041172
0.040417
0.074506
0.047484
0.050023
0.048189
0.046695
0.045512
0.047473
0.099573
0.045836
0.040458
0.076211
0.041034
0.042583
0.044151
0.046102
0.048821
0.049748
0.091480
0.041084
0.044116
0.085762
0.047137
0.050656
0.045747
0.050632
0.046986
0.046447
0.091985
0.044607
0.045198
0.063919
0.039732
0.043415
0.037432
0.042078
0.047412
0.047808
0.092854
0.041791
0.040694
0.075893
0.043162
0.043652
0.041506
0.038897
0.038323
0.038417
0.088177
0.055451
0.048937
0.058609
0.038966
0.042156
0.043637
0.042864
0.043264
0.047961
0.096280
0.045207
0.052021
0.062963
0.081532
0.091506
0.072161
0.048632
0.064332
0.080590
0.139973
0.078923
0.082318
0.075184
0.050367
0.060771
0.043046
0.071876
0.039931
0.039507
0.091064
0.049511
0.049633
0.048760
0.058672
0.043297
0.038720
0.039055
0.037127
0.048940
0.088601
0.044630
0.040967
0.043246
0.043661
0.065449
0.039184
0.040786
0.039969
0.040386
0.090312
0.044760
0.042377
0.046453
0.045550
0.064068
0.043485
0.043532
0.048707
0.064507
0.093969
0.043261
0.047562
0.065373
0.081054
0.048719
0.061327
0.081454
0.083554
0.056816
0.098719
0.070998
0.080351
0.046670
0.046209
0.049170
0.053384
0.081707
0.079797
0.048296
0.089800
0.039288
0.072110
0.047745
0.044292
0.044253
0.043184
0.043461
0.038207
0.080434
0.096271
0.045647
0.042606
0.045132
0.045949
0.043689
0.041702
0.043173
0.047017
0.070640
0.092908
0.050991
0.048819
0.051498
0.047258
0.051570
0.047681
0.046958
0.056263
0.045992
0.090544
0.044932
0.048487
0.049502
0.049772
0.046568
0.048211
0.045245
0.050404
0.057432
0.092703
0.046516
0.049460
0.049765
0.046318
0.046903
0.046695
0.050362
0.049660
0.060904
0.092714
0.052168
0.044070
0.050657
0.048753
0.049874
0.045299
0.048452
0.046764
0.054529
0.089055
0.044220
0.043242
0.048679
0.047862
0.052331
0.054443
0.047598
0.051713
0.054406
0.092922
0.043430
0.049136
0.050811
0.050682
0.050066
0.052387
0.048722
0.051898
0.056186
0.092196
0.046638
0.048002
0.049601
0.048917
0.049085
0.051019
0.050421
0.051144
0.049517
0.090950
0.044014
0.039067
0.042915
0.042697
0.044998
0.047893
0.048666
0.050822
0.056978
0.093950
0.050462
0.052527
0.046530
0.045358
0.051429
0.043366
0.047393
0.048626
0.049680
0.090847
0.045098
0.043878
0.046914
0.046718
0.049698
0.049727
0.043354
0.062211
0.051136
0.091742
0.043785
0.057372
0.051585
0.050981
0.049838
0.046980
0.049798
0.048539
0.057039
0.085073
0.040347
0.040257
0.039962
0.040879
0.041940
0.051329
0.041252
0.040133
0.083472
0.090846
0.038808
0.038136
0.042566
0.043981
0.047396
0.047720
0.054299
0.048503
0.046917
0.113195
0.046971
0.048791
0.049500
0.049739
0.049227
0.046622
0.046705
0.046189
0.048436
0.106488
0.046027
0.045829
0.046406
0.051092
0.049622
0.048266
0.047364
0.052587
0.050670
0.112503
0.048158
0.044450
0.046077
0.042023
0.043391
0.046864
0.043941
0.048648
0.047338
0.112321
0.043142
0.045280
0.055385
0.057701
0.063700
0.076029
0.080703
0.053795
0.057750
0.132158
0.078496
0.073162
0.074662
0.050616
0.060338
0.082040
0.078022
0.047987
0.053646
0.131242
0.041471
0.072077
0.079765
0.063231
0.042967
0.073707
0.084443
0.074854
0.055009
0.143130
0.072021
0.048565
0.050435
0.052271
0.059974
0.040516
0.039053
0.044703
0.039850
0.094395
0.045881
0.047598
0.048297
0.051516
0.055093
0.041833
0.042177
0.040924
0.039394
0.088909
0.039793
0.040525
0.039316
0.037598
0.082138
0.050705
0.044948
0.045593
0.048723
0.093244
0.039120
0.041781
0.039104
0.039297
0.073764
0.040450
0.041744
0.039760
0.045261
0.092391
0.040655
0.040167
0.040210
0.042119
0.063840
0.042917
0.046094
0.048125
0.042036
0.092939
0.042712
0.048546
0.058154
0.051217
0.048226
0.057072
0.039200
0.039932
0.042920
0.090424
0.044853
0.043268
0.043746
0.048696
0.055684
0.048153
0.044952
0.052461
0.056046
0.098262
0.040901
0.041304
0.040079
0.041935
0.070980
0.043652
0.039473
0.040855
0.040485
0.089345
0.039363
0.055445
0.038721
0.037888
0.080520
0.043223
0.040596
0.042202
0.044220
0.090729
0.040051
0.039873
0.038767
0.081010
0.081470
0.047688
0.049659
0.047764
0.047236
0.090952
0.037924
0.037225
0.037968
0.037109
0.072414
0.049335
0.048105
0.051136
0.056563
0.090577
0.041181
0.042054
0.037020
0.036542
0.082943
0.040990
0.044890
0.046696
0.049289
0.091619
0.040679
0.041590
0.042774
0.040616
0.080914
0.046119
0.048971
0.046618
0.053567
0.095349
0.043613
0.048810
0.049238
0.044933
0.055714
0.053277
0.047464
0.048342
0.048534
0.092028
0.037620
0.041089
0.039086
0.041098
0.055141
0.040623
0.038803
0.039182
0.039450
0.092141
0.046445
0.050299
0.050653
0.049046
0.047349
0.053743
0.038077
0.038496
0.039209
0.088677
0.043779
0.045635
0.043898
0.047455
0.064403
0.047210
0.040917
0.039957
0.043233
0.093036
0.043863
0.045822
0.047729
0.041756
0.040293
0.075052
0.039854
0.044971
0.045744
0.097910
0.041816
0.054783
0.043002
0.055530
0.049440
0.056399
0.039945
0.037791
0.038265
0.085550
0.046279
0.042616
0.040826
0.043027
0.044787
0.054156
0.050819
0.040618
0.041054
0.092108
0.048266
0.046621
0.048091
0.048578
0.065257
0.040241
0.079568
0.076985
0.052521
0.112058
0.068467
0.079669
0.075979
0.051720
0.059276
0.077573
0.083850
0.095921
0.083625
0.142971
0.084061
0.068211
0.053289
0.059418
0.079796
0.085346
0.065173
0.052384
0.080893
0.136332
0.079814
0.081249
0.055207
0.044606
0.075028
0.071817
0.053507
0.058034
0.093170
0.135742
0.083183
0.083194
0.069388
0.051474
0.059469
0.080835
0.081852
0.049642
0.048553
0.135974
0.058317
0.045804
0.038014
0.077533
0.082193
0.057101
0.043214
0.076496
0.082504
0.133986
0.052773
0.061720
0.073865
0.083566
0.068583
0.049716
0.065169
0.079543
0.079804
0.124937
0.046845
0.065720
0.038253
0.077233
0.064598
0.038352
0.083574
0.068722
0.048949
0.135343
0.053704
0.055550
0.082516
0.073755
0.053562
0.054615
0.041067
0.078803
0.043075
0.091681
0.047354
0.066515
0.083667
0.045257
0.053427
0.048462
0.075029
0.068970
0.050295
0.114313
0.046797
0.066398
0.043411
0.071031
0.075416
0.055495
0.052458
0.081133
0.044459
0.139822
0.049988
0.055818
0.082963
0.042756
0.046226
0.054150
0.083891
0.048787
0.048002
0.098855
0.039771
0.041321
0.045761
0.049325
0.048781
0.049875
0.049478
0.057096
0.044294
0.094053
0.049191
0.048237
0.050943
0.049634
0.049707
0.049304
0.058459
0.081240
0.041792
0.091193
0.045176
0.047351
0.050520
0.051150
0.049961
0.047361
0.048850
0.060307
0.043205
0.131366
0.078508
0.073919
0.046909
0.057657
0.078917
0.070144
0.058315
0.056715
0.064770
0.132976
0.074629
0.076294
0.051520
0.058530
0.079292
0.043549
0.084629
0.049031
0.068355
0.097642
0.084501
0.045228
0.047001
0.044704
0.049536
0.047249
0.049935
0.051735
0.052717
0.094560
0.082059
0.039773
0.043018
0.045144
0.045296
0.046134
0.045424
0.047501
0.046446
0.090576
0.082995
0.087463
0.050204
0.074878
0.045675
0.049609
0.060283
0.040651
0.041205
0.090706
0.052354
0.065250
0.042892
0.042797
0.042939
0.043641
0.062360
0.046949
0.048199
0.090873
0.078892
0.040682
0.083166
0.050198
0.052083
0.055091
0.070563
0.042281
0.043731
0.087798
0.042203
0.074080
0.082764
0.054142
0.044356
0.042909
0.045087
0.046422
0.049955
0.093549
0.041579
0.072508
0.044780
0.039037
0.039463
0.042474
0.045540
0.046513
0.062171
0.100323
0.051218
0.051543
0.055965
0.044619
0.041347
0.045543
0.052381
0.046420
0.047440
0.095518
0.045407
0.069598
0.040952
0.040359
0.041278
0.041723
0.040220
0.041805
0.044297
0.087334
0.043738
0.071125
0.044349
0.042719
0.038419
0.039979
0.040987
0.041178
0.039608
0.091908
0.048398
0.059403
0.040584
0.040382
0.041512
0.043093
0.039945
0.083242
0.042888
0.089765
0.046091
0.061260
0.041103
0.040987
0.041443
0.038824
0.037370
0.042539
0.042283
0.105201
0.050513
0.054802
0.042636
0.039039
0.038167
0.037972
0.038670
0.037906
0.048783
0.091994
0.046859
0.066805
0.042341
0.046211
0.042827
0.043131
0.044750
0.046851
0.046453
0.095165
0.042838
0.072370
0.041353
0.040645
0.039530
0.037675
0.083311
0.055521
0.045174
0.095344
0.049722
0.048320
0.053827
0.039666
0.041092
0.083094
0.077679
0.052830
0.049709
0.109806
0.067097
0.081141
0.061048
0.046725
0.065979
0.040791
0.044047
0.049769
0.049258
0.090977
0.043125
0.043094
0.043491
0.039248
0.072737
0.040389
0.086061
0.041046
0.043033
0.094025
0.048615
0.050466
0.046770
0.058173
0.045084
0.043539
0.044789
0.047312
0.049911
0.091164
0.057016
0.040606
0.040277
0.081722
0.043325
0.042470
0.047065
0.043440
0.041867
0.089581
0.051326
0.043276
0.044066
0.066513
0.042386
0.043137
0.041141
0.041908
0.046668
0.090802
0.046385
0.053038
0.047610
0.045744
0.056998
0.041540
0.040774
0.042342
0.042807
0.092159
0.051580
0.047244
0.050047
0.054950
0.048707
0.044920
0.046092
0.047088
0.044566
0.091542
0.049094
0.040776
0.038617
0.077092
0.043354
0.059373
0.043821
0.079517
0.074038
0.125008
0.045006
0.065480
0.039269
0.067407
0.047668
0.072905
0.073963
0.051181
0.058082
0.133836
0.074064
0.084813
0.051617
0.053927
0.081146
0.082814
0.062565
0.043571
0.068359
0.134266
0.079806
0.073313
0.051793
0.054921
0.076396
0.044628
0.041905
0.042789
0.083169
0.091770
0.075947
0.040201
0.059943
0.044361
0.045659
0.045771
0.074111
0.039315
0.080534
0.091519
0.039778
0.073635
0.043816
0.042596
0.044940
0.042958
0.045902
0.042004
0.053103
0.102687
0.043658
0.071980
0.041018
0.043534
0.045452
0.045807
0.048323
0.048939
0.043565
0.093043
0.044348
0.069949
0.046352
0.082301
0.044631
0.078199
0.055363
0.053777
0.048015
0.089677
0.039676
0.079707
0.045460
0.042958
0.044197
0.046929
0.040476
0.041275
0.043534
0.096511
0.067488
0.080374
0.084885
0.050226
0.064529
0.047214
0.043684
0.046903
0.049054
0.097471
0.043381
0.071538
0.040990
0.039709
0.039356
0.039513
0.085605
0.048439
0.051410
0.090953
0.061426
0.072326
0.043669
0.042183
0.037471
0.039352
0.038860
0.036744
0.038206
0.087439
0.043529
0.068184
0.040985
0.082748
0.049903
0.044591
0.049040
0.045936
0.044459
0.093891
0.042906
0.071566
0.040576
0.043427
0.087564
0.048827
0.053854
0.053943
0.044449
0.089942
0.043228
0.068713
0.081071
0.061197
0.043049
0.038315
0.039013
0.038879
0.041771
0.128989
0.066634
0.081820
0.047373
0.053285
0.042724
0.075707
0.051198
0.053443
0.085926
0.137582
0.085684
0.075944
0.049956
0.056159
0.080741
0.082641
0.045333
0.044443
0.047817
0.109157
0.045526
0.063781
0.084222
0.068280
0.051162
0.058479
0.078672
0.084633
0.039193
0.095671
0.047134
0.065015
0.082430
0.068138
0.062627
0.038961
0.078288
0.069190
0.046061
0.115263
0.071657
0.082977
0.044726
0.041533
0.040584
0.042675
0.052183
0.054566
0.078124
0.134534
0.071303
0.039336
0.077245
0.083219
0.069031
0.050071
0.059866
0.082988
0.062049
0.102056
0.058402
0.041100
0.081161
0.040920
0.042964
0.043280
0.045350
0.048818
0.047643
0.094064
0.081867
0.045725
0.067143
0.047935
0.049284
0.047693
0.051590
0.038719
0.040198
0.087022
0.047461
0.049632
0.048511
0.055980
0.042385
0.038420
0.040186
0.038447
0.039330
0.086910
0.078601
0.041247
0.041145
0.061443
0.046263
0.044478
0.048662
0.046014
0.049320
0.095176
0.042730
0.043768
0.047902
0.051403
0.049273
0.074626
0.038679
0.083622
0.057917
0.106593
0.047416
0.048401
0.047189
0.048718
0.047915
0.053428
0.038001
0.040766
0.047646
0.090529
0.048517
0.049153
0.047551
0.043572
0.047302
0.064838
0.042255
0.039709
0.044620
0.086452
0.039449
0.037742
0.041997
0.039210
0.037215
0.079826
0.043344
0.046676
0.051516
0.089974
0.038903
0.039738
0.041026
0.040398
0.041985
0.079215
0.040956
0.040093
0.040847
0.089477
0.041505
0.039286
0.045076
0.043090
0.042354
0.069701
0.043687
0.042624
0.043444
0.086773
0.039766
0.046372
0.044039
0.044786
0.044706
0.066529
0.043391
0.036214
0.040421
0.088596
0.038866
0.039634
0.042968
0.045938
0.063442
0.078951
0.039768
0.040069
0.040429
0.094784
0.042766
0.068676
0.083842
0.075038
0.050337
0.047099
0.058508
0.074755
0.048479
0.110770
0.044179
0.042648
0.074369
0.040283
0.039403
0.043836
0.046751
0.055379
0.045241
0.113771
0.055396
0.041194
