1.278706
0.028159
0.027116
0.026166
0.028328
0.029317
0.028387
0.028460
0.028436
0.029641
0.067670
0.029277
0.028785
0.027546
0.028219
0.027493
0.026537
0.026335
0.025919
0.025930
0.064620
0.026944
0.026458
0.027245
0.033678
0.027960
0.028448
0.027712
0.028360
0.027948
0.067689
0.027929
0.030107
0.027280
0.026434
0.027079
0.026373
0.027626
0.026321
0.025764
0.065453
0.026664
0.026767
0.025648
0.025680
0.025736
0.030654
0.026732
0.026656
0.028361
0.067687
0.029032
0.028689
0.028137
0.026974
0.031670
0.027744
0.027081
0.026536
0.025817
0.066511
0.026527
0.026352
0.026264
0.027110
0.026287
0.027377
0.026668
0.027668
0.026756
0.067628
0.027753
0.027810
0.026582
0.027499
0.027356
0.026627
0.026346
0.030500
0.026563
0.066521
0.026638
0.026053
0.025955
0.026384
0.026438
0.025757
0.026457
0.025633
0.026124
0.066786
0.027260
0.027006
0.027081
0.027318
0.027007
0.027674
0.036593
0.027240
0.026762
0.071815
0.026640
0.026532
0.025936
0.025866
0.026145
0.025626
0.026970
0.026209
0.025700
0.065491
0.026174
0.025656
0.025925
0.025701
0.025972
0.027188
0.026613
0.026918
0.026674
0.067495
0.027805
0.027238
0.032212
0.026686
0.026618
0.025782
0.026086
0.025654
0.025642
0.065659
0.027840
0.027474
0.027192
0.027106
0.026641
0.027526
0.026700
0.027463
0.026938
0.066697
0.027792
0.026441
0.026583
0.026185
0.026098
0.029646
0.026227
0.026296
0.026106
0.065522
0.026794
0.026425
0.026138
0.026220
0.025607
0.025641
0.027164
0.027014
0.028980
0.066790
0.028979
0.026798
0.027550
0.026634
0.027571
0.027417
0.027538
0.026345
0.027911
0.066179
0.028035
0.027014
0.026191
0.025867
0.026148
0.026145
0.026650
0.025816
0.025699
0.065492
0.026197
0.026917
0.026688
0.027915
0.033729
0.026414
0.027465
0.027363
0.027668
0.066557
0.028058
0.027633
0.027786
0.026472
0.026651
0.066270
0.067792
0.027240
0.065785
0.066663
0.026177
0.025310
0.025287
0.024769
0.024737
0.024722
0.064423
0.068146
0.026409
0.067986
0.028062
0.027381
0.066549
0.027606
0.027675
0.025963
0.027841
0.025769
0.026875
0.065099
0.027230
0.026015
0.025812
0.025831
0.025317
0.064903
0.027142
0.026041
0.025456
0.063949
0.030097
0.026078
0.025271
0.025742
0.026885
0.026226
0.027123
0.025951
0.027513
0.065148
0.028081
0.027667
0.025970
0.027038
0.026291
0.025899
0.025436
0.025057
0.025407
0.065960
0.026119
0.025431
0.025482
0.025212
0.029716
0.025254
0.025346
0.025567
0.066111
0.067315
0.067427
0.067553
0.067103
0.067499
0.069005
0.027585
0.027698
0.026684
0.026304
0.066249
0.028353
0.070455
0.026987
0.025654
0.025512
0.025443
0.025384
0.025693
0.025854
0.066056
0.069016
0.027738
0.066590
0.027483
0.026415
0.067211
0.026921
0.066507
0.067216
0.068812
0.067040
0.067089
0.068204
0.026794
0.065569
0.068220
0.068000
0.068663
0.067589
0.068408
0.066401
0.067452
0.067808
0.066933
0.067362
0.067824
0.068099
0.068271
0.068151
0.069153
0.067956
0.026789
0.026833
0.065560
0.028325
0.026701
0.026295
0.066195
0.027724
0.065801
0.067500
0.067102
0.066941
0.066080
0.026094
0.065897
0.068795
0.027144
0.027946
0.065630
0.027563
0.026684
0.027001
0.067048
0.032067
0.026754
0.026146
0.025103
0.025450
0.064548
0.026696
0.013235
0.066982
0.027535
0.029135
0.026527
0.026079
0.025515
0.026137
0.066636
0.026862
0.026338
0.026487
0.025796
0.024984
0.025217
0.065054
0.026324
0.025885
0.064877
0.071416
0.026525
0.066156
0.068935
0.027255
0.027091
0.026399
0.026200
0.025893
0.066937
0.028307
0.027149
0.065628
0.066883
0.029002
0.026322
0.026056
0.025202
0.064903
0.068412
0.028144
0.027499
0.027473
0.026634
0.027968
0.026433
0.027459
0.025935
0.026935
0.065486
0.068464
0.067987
0.027328
0.026656
0.026272
0.029394
0.025250
0.025054
0.026072
0.064977
0.028347
0.026581
0.026894
0.026882
0.026474
0.026371
0.026017
0.026433
0.026288
0.066001
0.031653
0.026108
0.026166
0.065878
0.067772
0.026424
0.026313
0.027290
0.025272
0.064635
0.027605
0.026088
0.027071
0.025348
0.026870
0.025646
0.026294
0.026468
0.026465
0.065001
0.027635
0.026635
0.027014
0.026051
0.025657
0.025610
0.026071
0.025565
0.025489
0.066509
0.030556
0.029710
0.028742
0.028126
0.027294
0.027677
0.026419
0.026823
0.026583
0.067243
0.027965
0.026299
0.026171
0.025862
0.025686
0.026359
0.026038
0.026129
0.025973
0.066683
0.028521
0.027264
0.027841
0.027967
0.026713
0.027633
0.027041
0.027788
0.026725
0.067171
0.027221
0.026159
0.026196
0.025818
0.026209
0.025842
0.025894
0.026943
0.028864
0.067457
0.028819
0.028101
0.026919
0.028056
0.026826
0.027738
0.031218
0.027347
0.027048
0.066389
0.027009
0.026191
0.026766
0.027081
0.027056
0.026813
0.026561
0.026275
0.025558
0.065371
0.027611
0.025761
0.027178
0.027060
0.027002
0.027202
0.027213
0.027119
0.027231
0.071045
0.029074
0.027661
0.027761
0.026659
0.026376
0.025951
0.026180
0.026258
0.065755
0.066566
0.026679
0.065511
0.066669
0.026271
0.026445
0.064554
0.028688
0.026579
0.027384
0.065496
0.027720
0.028264
0.027587
0.026679
0.026896
0.026707
0.026705
0.025754
0.025540
0.064769
0.028883
0.026982
0.028374
0.027213
0.027249
0.026894
0.027290
0.027253
0.029245
0.069645
0.030185
0.027885
0.026714
0.026045
0.025547
0.025585
0.026259
0.025482
0.026123
0.065405
0.027414
0.025943
0.026488
0.025781
0.026188
0.026735
0.026098
0.025688
0.025753
0.065636
0.026632
0.025887
0.027439
0.026227
0.030965
0.027009
0.026988
0.027571
0.026953
0.066612
0.028271
0.027413
0.027157
0.026305
0.026195
0.026210
0.026151
0.025788
0.026842
0.065529
0.027166
0.026270
0.025723
0.025366
0.025424
0.026636
0.026136
0.026969
0.027655
0.066284
0.027438
0.027053
0.026557
0.027250
0.026356
0.027263
0.027176
0.026722
0.026289
0.065938
0.027241
0.065454
0.027244
0.026139
0.027004
0.025636
0.026626
0.026703
0.026662
0.065833
0.027401
0.027711
0.026430
0.027207
0.026776
0.027390
0.026480
0.025577
0.026382
0.065321
0.027880
0.026460
0.026764
0.026541
0.025598
0.025867
0.025725
0.025208
0.025434
0.064556
0.028974
0.026999
0.027079
0.030477
0.027159
0.026166
0.026802
0.025917
0.027060
0.065375
0.027902
0.026823
0.025545
0.025388
0.025545
0.025646
0.025950
0.026037
0.026638
0.065725
0.030531
0.029193
0.029139
0.028857
0.028236
0.028289
0.032765
0.027658
0.027291
0.066140
0.028053
0.026887
0.026262
0.027363
0.027005
0.026390
0.026577
0.026145
0.026525
0.065922
0.026657
0.026048
0.025445
0.025288
0.025754
0.026024
0.027179
0.027212
0.026454
0.067266
0.028119
0.027202
0.026618
0.027303
0.026923
0.026359
0.025852
0.026304
0.026556
0.065994
0.026766
0.027459
0.027252
0.027101
0.027815
0.027270
0.028039
0.026754
0.027964
0.066648
0.028032
0.026652
0.030422
0.026550
0.025984
0.025517
0.025785
0.025705
0.025662
0.065005
0.027479
0.026449
0.025957
0.026213
0.027566
0.027381
0.027023
0.026835
0.027769
0.066036
0.028277
0.026704
0.027531
0.026558
0.026102
0.026427
0.030900
0.026150
0.026216
0.066252
0.027656
0.027935
0.026834
0.027712
0.026941
0.027859
0.026747
0.028323
0.027246
0.067317
0.028397
0.026491
0.026402
0.026166
0.026134
0.025768
0.025932
0.025649
0.026026
0.067449
0.026392
0.025906
0.025703
0.025578
0.026070
0.025701
0.025524
0.025660
0.026081
0.067145
0.029333
0.028817
0.028465
0.028962
0.068438
0.069781
0.069868
0.029657
0.028603
0.071470
0.029550
0.026977
0.026962
0.026197
0.067544
0.027956
0.027477
0.026350
0.026752
0.065068
0.026769
0.026405
0.026636
0.027560
0.026883
0.026714
0.027300
0.027284
0.027553
0.065923
0.029788
0.028291
0.027568
0.027286
0.026637
0.026329
0.026163
0.026167
0.025964
0.066656
0.027537
0.026743
0.026155
0.026006
0.026644
0.027409
0.026844
0.027160
0.026314
0.066798
0.028628
0.026989
0.027900
0.027111
0.028183
0.026596
0.026678
0.026135
0.026425
0.066162
0.027768
0.026716
0.026824
0.025959
0.025933
0.026314
0.026537
0.026194
0.026503
0.066935
0.026960
0.026745
0.067008
0.028226
0.027967
0.028280
0.030636
0.027313
0.066301
0.069635
0.029037
0.027034
0.026435
0.026134
0.026314
0.025900
0.026412
0.026060
0.026399
0.065169
0.068525
0.029168
0.026975
0.027650
0.027374
0.027880
0.027161
0.031347
0.027912
0.066366
0.068847
0.068679
0.067813
0.028205
0.067579
0.030033
0.028325
0.026550
0.026711
0.064564
0.026703
0.025888
0.025454
0.025177
0.025564
0.025399
0.027002
0.025101
0.024637
0.064223
0.027698
0.027357
0.026196
0.026499
0.025908
0.026394
0.026656
0.026773
0.026257
0.066723
0.068604
0.067288
0.067176
0.066565
0.068062
0.026582
0.025616
0.064488
0.066684
0.066669
0.067922
0.067894
0.067642
0.067419
0.068051
0.067341
0.067103
0.067439
0.068276
0.066578
0.066461
0.067343
0.067515
0.068682
0.068411
0.067889
0.067622
0.069395
0.028615
0.064803
0.026576
0.024949
0.025505
0.025214
0.025641
0.025694
0.026250
0.026302
0.026556
0.065808
0.027696
0.026902
0.027737
0.027218
0.026270
0.068502
0.028145
0.025773
0.028331
0.069014
0.029418
0.027642
0.026811
0.026059
0.028900
0.025926
0.025686
0.026503
0.066762
0.066509
0.026525
0.065599
0.067821
0.028502
0.026755
0.026938
0.026433
0.065727
0.028556
0.065979
0.028479
0.066882
0.028985
0.026975
0.025846
0.025193
0.025733
0.025361
0.025719
0.065626
0.027768
0.027493
0.026366
0.027145
0.026411
0.027534
0.067392
0.067893
0.027642
0.067629
0.027046
0.066462
0.067598
0.026586
0.066872
0.066921
0.066964
0.027060
0.027195
0.065351
0.027307
0.025854
0.026261
0.064863
0.068144
0.068696
0.069080
0.069016
0.072675
0.067667
0.068311
0.027460
0.065860
0.028688
0.026711
0.026510
0.026718
0.026529
0.026199
0.065982
0.027071
0.026264
0.027631
0.026945
0.027985
0.027084
0.027838
0.027167
0.030532
0.067553
0.028682
0.026824
0.028090
0.027239
0.026839
0.026473
0.026824
0.026606
0.026921
0.066287
0.027170
0.026689
0.026523
0.026086
0.026442
0.026162
0.026203
0.026041
0.025847
0.065911
0.028626
0.030502
0.027516
0.027752
0.027312
0.026545
0.027138
0.026490
0.028732
0.067012
0.028451
0.028372
0.026958
0.026392
0.026443
0.026216
0.026245
0.025797
0.025952
0.065934
0.026613
0.026116
0.025850
0.028393
0.028992
0.025656
0.025918
0.027437
0.027541
0.065533
0.028331
0.026981
0.027192
0.027090
0.026589
0.027355
0.026655
0.027074
0.026558
0.066401
0.027875
0.026662
0.026291
0.026436
0.026302
0.025971
0.025625
0.025749
0.028862
0.065267
0.026297
0.025663
0.025917
0.025855
0.026136
0.026520
0.027423
0.026294
0.027249
0.066401
0.028196
0.027529
0.026505
0.027117
0.026385
0.027354
0.027223
0.026152
0.026209
0.065579
0.026478
0.035555
0.027575
0.026407
0.027430
0.026491
0.027588
0.026747
0.027573
0.066508
0.027944
0.027442
0.028148
0.028429
0.026658
0.026261
0.026106
0.025704
0.025911
0.066197
0.027092
0.026012
0.025718
0.025384
0.030029
0.025681
0.025879
0.025411
0.026857
0.066975
0.028104
0.027241
0.027641
0.027795
0.027655
0.027360
0.027595
0.027081
0.027484
0.067034
0.027154
0.026684
0.027055
0.026090
0.026296
0.026283
0.026303
0.026088
0.026696
0.065677
0.027155
0.026156
0.025769
0.025869
0.027808
0.026827
0.027426
0.026495
0.027248
0.067603
0.036506
0.027694
0.027225
0.027031
0.027230
0.027315
0.027483
0.026691
0.026433
0.066693
0.031576
0.026313
0.026686
0.026777
0.026417
0.026537
0.026480
0.028302
0.027290
0.067007
0.027452
0.027618
0.027098
0.026972
0.027026
0.027053
0.028446
0.027092
0.028171
0.067506
0.028248
0.028119
0.027523
0.031235
0.027582
0.027063
0.027602
0.026131
0.027088
0.066516
0.027035
0.026543
0.026603
0.026130
0.026007
0.025745
0.026403
0.026045
0.026503
0.065582
0.027340
0.026106
0.026190
0.025914
0.025780
0.025785
0.025688
0.026164
0.027195
0.067480
0.029163
0.027193
0.027885
0.027644
0.027896
0.027032
0.027304
0.027363
0.028398
0.066768
0.027739
0.026540
0.026271
0.026532
0.026579
0.026158
0.026282
0.026142
0.026190
0.065827
0.031008
0.026332
0.025924
0.025885
0.026236
0.025951
0.025918
0.026038
0.026351
0.065670
0.027667
0.027289
0.027083
0.028399
0.026911
0.027635
0.026781
0.028211
0.026527
0.067294
0.028845
0.026879
0.030576
0.029147
0.027213
0.026273
0.026402
0.026168
0.026556
0.066088
0.027008
0.026445
0.026452
0.028843
0.026224
0.025886
0.026021
0.025627
0.025873
0.065126
0.026586
0.025755
0.026130
0.025500
0.025883
0.026400
0.026976
0.028279
0.028763
0.068699
0.029294
0.029318
0.029109
0.028226
0.028259
0.027035
0.026996
0.026318
0.026539
0.065588
0.027440
0.026534
0.026962
0.027154
0.028278
0.029216
0.028157
0.027134
0.028008
0.071938
0.027937
0.028067
0.027344
0.028283
0.027119
0.026641
0.026492
0.026408
0.026636
0.066612
0.028941
0.026462
0.028326
0.026011
0.025661
0.026020
0.025750
0.025753
0.026212
0.065629
0.026617
0.025986
0.026656
0.032558
0.026363
0.025997
0.025998
0.026844
0.027055
0.068649
0.028281
0.028333
0.027049
0.029116
0.027170
0.026880
0.027093
0.026922
0.026721
0.065809
0.027148
0.026114
0.026054
0.025728
0.025834
0.026191
0.027118
0.027527
0.027300
0.066917
0.028068
0.026603
0.027701
0.026263
0.027210
0.026191
0.026157
0.026403
0.025783
0.065479
0.026233
0.026284
0.025827
0.025662
0.025920
0.025279
0.025398
0.025617
0.026553
0.066535
0.028859
0.027791
0.026798
0.027570
0.027275
0.027483
0.027575
0.027215
0.027107
0.066165
0.027232
0.026319
0.025974
0.026168
0.026219
0.025896
0.027075
0.026910
0.027800
0.067209
0.028738
0.067283
0.071692
0.068103
0.067837
0.066999
0.066844
0.066927
0.066615
0.066411
0.066835
0.026416
0.026496
0.026696
0.025939
0.026202
0.026115
0.025963
0.029084
0.065363
0.027453
0.028321
0.025737
0.027087
0.025850
0.025154
0.025249
0.025200
0.025206
0.063788
0.027640
0.025717
0.026007
0.025049
0.025063
0.025276
0.025034
0.025027
0.024919
0.063928
0.026562
0.030869
0.025745
0.024884
0.024920
0.025609
0.025205
0.026446
0.025921
0.065837
0.028565
0.026385
0.026972
0.025817
0.026973
0.066758
0.027249
0.067660
0.067368
0.066278
0.067875
0.066400
0.067102
0.066375
0.066815
0.067455
0.068260
0.068121
0.067874
0.067638
0.028249
0.027840
0.026200
0.025519
0.025954
0.025584
0.027541
0.026077
0.025986
0.065429
0.027158
0.025805
0.026018
0.025810
0.025782
0.025765
0.025887
0.025464
0.025881
0.065115
0.027037
0.025874
0.026061
0.025378
0.027382
0.026449
0.027224
0.026474
0.028635
0.067138
0.028291
0.027730
0.027499
0.026602
0.027421
0.025862
0.025865
0.025685
0.025909
0.064862
0.027227
0.026688
0.026619
0.025476
0.025469
0.025601
0.026156
0.025712
0.026101
0.065392
0.027730
0.027394
0.030797
0.027059
0.027027
0.027337
0.026992
0.027133
0.027133
0.066923
0.028246
0.026806
0.026209
0.025873
0.026039
0.026143
0.026172
0.025676
0.025828
0.065574
0.028288
0.026889
0.026956
0.026987
0.027575
0.030977
0.027462
0.026729
0.027529
0.066849
0.027704
0.026168
0.026094
0.025739
0.026156
0.025892
0.025749
0.025784
0.025820
0.065510
0.026866
0.026295
0.025847
0.025464
0.025789
0.026147
0.025830
0.025960
0.025928
0.068840
0.027375
0.025935
0.027338
0.026162
0.027212
0.026047
0.027085
0.027026
0.026658
0.066726
0.027762
0.027242
0.026134
0.025720
0.025786
0.025385
0.025947
0.025596
0.025783
0.065226
0.027251
0.027896
0.025961
0.026280
0.026383
0.026527
0.027378
0.026520
0.027280
0.066364
0.027470
0.027359
0.026470
0.027915
0.026970
0.026719
0.025956
0.025701
0.025583
0.066010
0.027066
0.026144
0.027764
0.025697
0.025755
0.027327
0.025978
0.025461
0.027205
0.066053
0.027555
0.027407
0.026293
0.027168
0.026750
0.027271
0.026353
0.027537
0.026289
0.066882
0.027339
0.026220
0.025769
0.025599
0.025807
0.025482
0.025518
0.030380
0.029720
0.065694
0.026553
0.025530
0.025584
0.025175
0.025384
0.026235
0.027411
0.026976
0.027259
0.067456
0.031576
0.029690
0.029547
0.068805
0.030231
0.071020
0.070894
0.068743
0.027392
0.066314
0.027614
0.026443
0.025928
0.025905
0.025791
0.025945
0.026055
0.025525
0.025535
0.064854
0.027422
0.026518
0.026967
0.026850
0.027207
0.066125
0.028340
0.027328
0.028229
0.067250
0.028932
0.026730
0.026123
0.065194
0.067429
0.026950
0.027038
0.067698
0.028440
0.066621
0.029348
0.029895
0.029493
0.027872
0.028719
0.027828
0.028656
0.026879
0.031775
0.067008
0.028351
0.066754
