1.686107
0.039919
0.042500
0.043095
0.045238
0.043517
0.058338
0.049576
0.059322
0.045200
0.087406
0.043236
0.045212
0.043195
0.046905
0.049955
0.054564
0.150678
0.089575
0.092614
0.095291
0.043411
0.091481
0.043676
0.042920
0.113577
0.048078
0.042926
0.043835
0.051081
0.103431
0.041169
0.043666
0.041790
0.037984
0.084625
0.048724
0.046672
0.051113
0.052001
0.105851
0.043741
0.043324
0.042117
0.041605
0.074725
0.047114
0.042785
0.028721
0.027101
0.067186
0.030110
0.031276
0.028261
0.028263
0.028573
0.029489
0.028393
0.028286
0.027350
0.066835
0.034097
0.027484
0.027284
0.044977
0.045543
0.046822
0.072133
0.033178
0.075105
0.077354
0.072917
0.074328
0.086330
0.077333
0.079631
0.039038
0.054025
0.067700
0.061244
0.203864
0.110372
0.108329
0.102518
0.108684
0.111349
0.114918
0.081573
0.047715
0.042763
0.087701
0.051063
0.042979
0.042640
0.043781
0.042736
0.047489
0.063612
0.042168
0.041398
0.086527
0.047161
0.045034
0.047394
0.049600
0.051765
0.055047
0.060561
0.041445
0.041781
0.095702
0.044431
0.048396
0.050404
0.053854
0.048653
0.044676
0.058056
0.040413
0.043373
0.091117
0.038965
0.039919
0.039989
0.040168
0.039179
0.037760
0.081447
0.048386
0.050001
0.092056
0.044947
0.043865
0.053422
0.046339
0.043266
0.043199
0.070418
0.041489
0.040999
0.088748
0.043480
0.056550
0.055515
0.045791
0.048086
0.044079
0.069032
0.041685
0.038836
0.088264
0.044275
0.040869
0.037129
0.040069
0.040538
0.043801
0.062856
0.040167
0.038027
0.096486
0.040386
0.041089
0.044517
0.041031
0.048113
0.049359
0.057010
0.046241
0.041123
0.110561
0.043375
0.051376
0.045887
0.045070
0.045732
0.045348
0.041762
0.063306
0.041080
0.092262
0.045494
0.045072
0.049231
0.045737
0.047150
0.054970
0.096625
0.056653
0.053354
0.092153
0.040695
0.042613
0.037602
0.040101
0.042014
0.045916
0.049876
0.052310
0.045325
0.087989
0.037267
0.046455
0.040268
0.039960
0.038745
0.042080
0.038182
0.077398
0.045998
0.087926
0.039253
0.042024
0.043296
0.044765
0.043633
0.041018
0.048704
0.067195
0.035768
0.090390
0.042781
0.044197
0.045906
0.042591
0.048027
0.048691
0.056503
0.066862
0.040551
0.086419
0.039175
0.039956
0.038504
0.039609
0.040858
0.037886
0.039092
0.080956
0.041213
0.089138
0.051790
0.048543
0.049285
0.055091
0.047476
0.050417
0.059248
0.044964
0.044176
0.095799
0.050741
0.047405
0.051780
0.101980
0.045543
0.050929
0.057935
0.040149
0.040211
0.099314
0.046950
0.043940
0.046452
0.046391
0.042939
0.044738
0.062375
0.085709
0.069648
0.100859
0.068009
0.081105
0.074624
0.048251
0.059778
0.082269
0.067903
0.045708
0.064644
0.132964
0.042165
0.044235
0.045944
0.048329
0.049272
0.047194
0.047132
0.058679
0.081361
0.142656
0.081491
0.046560
0.053630
0.081793
0.064622
0.041916
0.080656
0.076264
0.045588
0.113894
0.049875
0.064331
0.082526
0.052022
0.056466
0.080898
0.044011
0.048109
0.049029
0.090993
0.043226
0.039506
0.036709
0.084100
0.044531
0.046374
0.046136
0.054430
0.047167
0.091694
0.043101
0.046350
0.040305
0.077898
0.039066
0.081734
0.047858
0.050251
0.058133
0.094471
0.074739
0.040514
0.040075
0.044078
0.047460
0.051398
0.085073
0.041383
0.046620
0.093779
0.037853
0.037973
0.039804
0.047876
0.044243
0.053621
0.052225
0.044760
0.044928
0.094214
0.045318
0.050970
0.047500
0.053462
0.048415
0.048029
0.055971
0.040615
0.040942
0.089527
0.038855
0.074270
0.050790
0.057758
0.083586
0.070096
0.043910
0.073414
0.081852
0.094637
0.044791
0.038781
0.042427
0.043854
0.042014
0.041300
0.085775
0.081343
0.065589
0.096629
0.065986
0.082082
0.046714
0.062622
0.043674
0.072105
0.081579
0.049114
0.048688
0.093722
0.075208
0.042228
0.039228
0.041080
0.042953
0.043335
0.051894
0.047441
0.045431
0.092948
0.079440
0.041350
0.046237
0.046910
0.048916
0.048645
0.048218
0.047036
0.046755
0.098207
0.083530
0.039551
0.084578
0.063165
0.045613
0.046445
0.045296
0.048665
0.047929
0.094235
0.077027
0.055094
0.042874
0.074901
0.039188
0.043595
0.045059
0.043212
0.039380
0.089603
0.074036
0.081946
0.078043
0.060406
0.042451
0.082452
0.080883
0.062338
0.052680
0.117547
0.072666
0.083057
0.080922
0.050624
0.056462
0.080932
0.068665
0.052016
0.062066
0.132498
0.043899
0.074343
0.079219
0.053310
0.102401
0.069203
0.097358
0.096724
0.094765
0.133145
0.127955
0.128907
0.095895
0.131827
0.096179
0.092574
0.095264
0.096251
0.090864
0.129357
0.125867
0.128647
0.069269
0.041546
0.042444
0.044295
0.046931
0.052540
0.074248
0.139137
0.145527
0.143018
0.093911
0.072933
0.090100
0.099438
0.100658
0.093138
0.056194
0.096764
0.041044
0.129258
0.039424
0.041021
0.038257
0.039610
0.040457
0.041756
0.079709
0.088422
0.040171
0.076321
0.082941
0.051181
0.052389
0.069595
0.081527
0.059529
0.047209
0.128469
0.070336
0.083710
0.075699
0.051644
0.057579
0.083873
0.070390
0.053310
0.048279
0.114599
0.052480
0.065073
0.040128
0.046844
0.053497
0.069969
0.045625
0.046878
0.053516
0.130368
0.043509
0.073378
0.077607
0.051181
0.055329
0.054376
0.078838
0.074698
0.051849
0.107349
0.044657
0.044474
0.076089
0.080358
0.044384
0.044714
0.056146
0.078279
0.075048
0.128614
0.057373
0.065864
0.080997
0.038934
0.072197
0.050564
0.056112
0.039746
0.074972
0.089719
0.074441
0.037679
0.041565
0.045041
0.071895
0.041101
0.042511
0.047108
0.048790
0.092538
0.084305
0.042801
0.045072
0.046311
0.043618
0.046392
0.044526
0.062723
0.045316
0.096686
0.077634
0.049765
0.054308
0.039244
0.042603
0.046591
0.047351
0.049046
0.044017
0.093733
0.079531
0.038903
0.040907
0.082460
0.043608
0.043001
0.063143
0.045165
0.066591
0.092778
0.044570
0.068225
0.043652
0.041816
0.041687
0.039474
0.043385
0.041582
0.040980
0.093186
0.054786
0.044193
0.043048
0.044431
0.042064
0.044974
0.060327
0.088166
0.046639
0.143248
0.040062
0.080770
0.040212
0.076282
0.051407
0.047095
0.044218
0.052603
0.049280
0.090699
0.045108
0.054164
0.056097
0.037936
0.036171
0.040581
0.040964
0.044950
0.048220
0.089825
0.036409
0.084038
0.041681
0.041227
0.041702
0.038736
0.040071
0.041607
0.037701
0.092766
0.045914
0.063877
0.044638
0.043523
0.055776
0.049849
0.046054
0.047765
0.049926
0.092434
0.080991
0.039050
0.039506
0.039984
0.042944
0.046564
0.043917
0.044612
0.043912
0.090313
0.079048
0.042800
0.045645
0.049197
0.045043
0.043251
0.043964
0.049671
0.048893
0.090687
0.077537
0.040183
0.042786
0.037878
0.045091
0.039330
0.046959
0.044426
0.056233
0.136575
0.051698
0.044355
0.044166
0.045837
0.047424
0.047302
0.044522
0.046991
0.050552
0.141647
0.041641
0.039513
0.042143
0.047811
0.045955
0.044668
0.044732
0.045759
0.048670
0.114206
0.041472
0.045380
0.045413
0.044749
0.045468
0.042322
0.046138
0.048407
0.069187
0.094600
0.037085
0.039496
0.038493
0.037918
0.038532
0.040125
0.039212
0.041905
0.077486
0.096046
0.039275
0.041126
0.045161
0.048826
0.043917
0.047319
0.046602
0.053367
0.053295
0.102667
0.052046
0.052996
0.045102
0.049209
0.047670
0.064355
0.045702
0.048337
0.060268
0.131163
0.042989
0.039746
0.041590
0.046225
0.044810
0.047435
0.047530
0.055077
0.039677
0.095766
0.050593
0.046989
0.047344
0.046072
0.047137
0.046519
0.051723
0.050704
0.079555
0.140823
0.080371
0.062288
0.044502
0.072271
0.070377
0.046329
0.064200
0.084134
0.050084
0.124524
0.039551
0.083051
0.058058
0.043246
0.072453
0.090570
0.062405
0.046802
0.062791
0.132142
0.080122
0.083448
0.072285
0.050771
0.055254
0.078460
0.040014
0.083949
0.069107
0.112692
0.071683
0.040184
0.040043
0.040623
0.069291
0.041258
0.048595
0.042703
0.044065
0.091830
0.045263
0.047740
0.049011
0.070805
0.045039
0.044982
0.045595
0.046713
0.046702
0.090448
0.039076
0.037620
0.039579
0.074272
0.041320
0.045682
0.044266
0.046281
0.041959
0.089819
0.037767
0.039362
0.041013
0.073252
0.042366
0.067949
0.047875
0.050090
0.049091
0.091706
0.038235
0.044884
0.039036
0.081001
0.048853
0.047705
0.046370
0.046286
0.046822
0.091307
0.039896
0.042272
0.041619
0.071825
0.041578
0.048790
0.042183
0.046680
0.050232
0.091846
0.036986
0.043694
0.075256
0.039366
0.041233
0.046552
0.043439
0.043659
0.067825
0.089320
0.040847
0.047211
0.063259
0.038736
0.040852
0.039896
0.050466
0.037738
0.037997
0.086070
0.044951
0.050020
0.056628
0.047409
0.043339
0.042457
0.045412
0.044341
0.042925
0.091574
0.044278
0.043590
0.066233
0.040576
0.040846
0.039872
0.043448
0.041292
0.038490
0.087308
0.043152
0.045819
0.059755
0.042168
0.040040
0.040030
0.043466
0.042051
0.045703
0.104239
0.052621
0.039235
0.079230
0.043301
0.045758
0.043285
0.051198
0.052022
0.045050
0.096784
0.038198
0.042808
0.071285
0.043990
0.062742
0.045368
0.056887
0.061019
0.076312
0.133799
0.074245
0.083534
0.059937
0.061846
0.051678
0.061263
0.042415
0.079812
0.046821
0.094844
0.048384
0.045896
0.046847
0.060669
0.039028
0.075991
0.047342
0.059332
0.045418
0.094781
0.049352
0.047700
0.048394
0.052921
0.046628
0.051048
0.048320
0.040772
0.040275
0.085754
0.044950
0.048398
0.044625
0.048814
0.041168
0.044927
0.066422
0.043662
0.048612
0.093355
0.042125
0.045229
0.045456
0.044404
0.044917
0.049385
0.057960
0.038590
0.042662
0.092143
0.038812
0.080650
0.066104
0.047509
0.047437
0.046662
0.051146
0.059098
0.082131
0.139234
0.039543
0.041358
0.037771
0.039512
0.038767
0.038841
0.040594
0.052886
0.046691
0.093672
0.055342
0.051822
0.049301
0.079365
0.045721
0.046916
0.056848
0.046587
0.074251
0.144794
0.080505
0.069147
0.049823
0.060688
0.041061
0.050681
0.047318
0.045592
0.050180
0.096507
0.081431
0.042274
0.043281
0.045614
0.047447
0.047173
0.047752
0.051543
0.046361
0.101858
0.080996
0.043721
0.047192
0.047135
0.045751
0.052782
0.050389
0.048952
0.048270
0.090941
0.083718
0.053866
0.046540
0.046752
0.047445
0.049590
0.049291
0.048813
0.048878
0.092026
0.082862
0.049087
0.048210
0.047615
0.048342
0.050731
0.047235
0.051445
0.048010
0.092396
0.081138
0.044066
0.047755
0.048359
0.068756
0.045142
0.045486
0.048186
0.048179
0.095127
0.080504
0.043341
0.044508
0.048302
0.050491
0.051185
0.049393
0.049179
0.047356
0.094082
0.083628
0.045702
0.049112
0.047244
0.045931
0.051146
0.050060
0.053407
0.047173
0.101470
0.072358
0.040201
0.043121
0.041920
0.044175
0.045632
0.046393
0.047279
0.046913
0.089223
0.078750
0.040154
0.040418
0.045014
0.044355
0.046656
0.047277
0.056382
0.049165
0.093008
0.076295
0.052700
0.047274
0.048553
0.047014
0.050111
0.045424
0.046149
0.048297
0.090669
0.085842
0.045149
0.046811
0.056819
0.046070
0.051506
0.050356
0.048053
0.045144
0.099423
0.073337
0.044998
0.045389
0.050637
0.048630
0.049620
0.049881
0.050566
0.051343
0.094187
0.083614
0.047100
0.050508
0.046063
0.049569
0.048332
0.058754
0.050706
0.047393
0.092308
0.081505
0.047308
0.046305
0.047805
0.050017
0.046216
0.047714
0.047415
0.045696
0.091438
0.082599
0.045226
0.051808
0.049002
0.047989
0.046842
0.046061
0.049858
0.046874
0.093748
0.080411
0.042063
0.044847
0.047193
0.055487
0.044849
0.040470
0.082394
0.067818
0.127087
0.048897
0.046592
0.069984
0.094329
0.105083
0.066619
0.082605
0.057997
0.044680
0.130088
0.069224
0.082315
0.048042
0.057362
0.051706
0.046191
0.056583
0.057130
0.063547
0.085843
0.042819
0.044024
0.043017
0.048827
0.068730
0.041015
0.041156
0.046660
0.046177
0.099970
0.040577
0.040652
0.040603
0.039713
0.081075
0.044376
0.045831
0.047273
0.044641
0.093978
0.039270
0.041971
0.038630
0.042022
0.065854
0.045289
0.041745
0.045977
0.046240
0.093750
0.042298
0.041799
0.038519
0.041660
0.075883
0.051897
0.051022
0.055906
0.049500
0.092680
0.042982
0.041779
0.042845
0.044045
0.055990
0.047660
0.044705
0.044310
0.047622
0.090713
0.042251
0.045123
0.053230
0.045622
0.070804
0.052542
0.092078
0.040572
0.043269
0.093636
0.048706
0.051071
0.051037
0.050173
0.050975
0.039841
0.039603
0.039623
0.047201
0.088209
0.044645
0.046076
0.048289
0.046269
0.057213
0.039638
0.038552
0.041029
0.042074
0.094222
0.049047
0.048810
0.050607
0.048799
0.053856
0.039707
0.041178
0.040237
0.039972
0.095686
0.048109
0.046939
0.051869
0.059354
0.060203
0.082838
0.083161
0.057387
0.051826
0.092395
0.044641
0.045746
0.047817
0.060524
0.081435
0.071075
0.049059
0.048005
0.045273
0.090698
0.041708
0.041960
0.042022
0.044078
0.094595
0.063366
0.039926
0.039797
0.085518
0.094311
0.044912
0.046522
0.045146
0.045667
0.057516
0.045765
0.037666
0.038787
0.040765
0.085138
0.041095
0.040859
0.043298
0.097000
0.132598
0.107244
0.044565
0.092979
0.095616
0.092219
0.089905
0.044867
0.055292
0.061386
0.040577
0.083309
0.066079
0.050563
0.075246
0.134433
0.074708
0.083940
0.069258
0.054250
0.060907
0.081765
0.077833
0.052651
0.052551
0.129104
0.075689
0.084086
0.072367
0.049598
0.059636
0.084009
0.055720
0.044010
0.078685
0.088521
0.042304
0.070193
0.038743
0.081283
0.083851
0.044966
0.055075
0.045505
0.057350
0.103359
0.055939
0.056425
0.041500
0.079291
0.084655
0.064212
0.044303
0.049108
0.041419
0.091496
0.076515
0.077416
0.050571
0.047923
0.055867
0.080012
0.079160
0.052050
0.061158
0.131412
0.078046
0.086493
0.075640
0.052028
0.055641
0.075998
0.083367
0.075982
0.051567
0.109408
0.046151
0.064972
0.079826
0.043261
0.081211
0.047652
0.052321
0.047356
0.048371
0.092199
0.037972
0.039063
0.039198
0.040910
0.082782
0.045217
0.041491
0.043808
0.048601
0.141545
0.047746
0.050080
0.045634
0.045793
0.051150
0.052971
0.040651
0.070846
0.043694
0.090064
0.078122
0.046200
0.038041
0.043290
0.082981
0.062108
0.042915
0.071473
0.088692
0.142581
0.078208
0.044874
0.068115
0.052820
0.050320
0.052300
0.050837
0.053167
0.039913
0.096692
0.047309
0.061374
0.046282
0.046416
0.049023
0.046751
0.050642
0.060254
0.039781
0.096241
0.046595
0.059136
0.039302
0.073203
0.045465
0.045290
0.062944
0.081468
0.083524
0.144139
0.042966
0.074477
0.079409
0.040237
0.041485
0.044243
0.046808
0.048065
0.054244
0.095968
0.043549
0.046145
0.053242
0.046985
0.050092
0.048762
0.038338
0.041017
0.039440
0.135929
0.043782
0.059840
0.056866
0.056384
0.040750
0.044366
0.039946
0.043486
0.044486
0.119514
0.047937
0.048604
0.045874
0.052291
0.045787
0.043198
0.040792
0.041864
0.074576
0.137059
0.046472
0.046525
0.046349
0.048876
0.049627
0.051050
0.050942
0.057504
0.040630
0.135750
0.041896
0.041487
0.047196
0.048585
0.048922
0.048567
0.048374
0.053556
0.080832
0.133755
0.039382
0.041960
0.038626
0.041767
0.039912
0.074497
0.043057
0.043077
0.041578
0.140531
0.048271
0.044496
0.039511
0.039758
0.043995
0.046917
0.062545
0.044104
0.071763
0.132474
0.077201
0.083438
0.078485
0.048165
0.059551
0.047400
0.042905
0.047071
0.046853
0.118134
0.051137
0.072254
0.039205
0.072692
0.046072
0.064305
0.081304
0.044600
0.042917
0.141138
0.058771
0.041524
0.074562
0.045244
0.046953
0.048908
0.056194
0.080807
0.044511
0.093941
0.039005
0.042530
0.038965
0.087295
0.056897
0.047917
0.074110
0.039738
0.081757
0.091952
0.041938
0.075931
0.070502
0.052189
0.044960
0.055681
0.080842
0.040579
0.074752
0.121414
0.045580
0.055745
0.065122
0.080330
0.049585
0.056529
0.041210
0.085757
0.063545
0.098803
0.047287
0.052437
0.050002
0.056737
0.048119
0.046937
0.048854
0.074218
0.050163
0.114940
0.045551
0.064064
0.081470
0.045758
0.044877
0.046170
0.049217
0.049173
0.049989
0.107879
0.045391
0.048342
0.050586
0.048020
0.057559
0.043471
0.043078
0.042586
0.040602
0.120652
0.045418
0.045507
0.048967
0.046486
0.045427
0.063617
0.082062
0.069610
0.042219
0.121235
0.072628
0.045617
0.063054
0.044551
0.073191
0.082891
0.076382
0.049772
0.057517
0.134161
0.073798
0.042735
0.065183
0.097604
0.069819
0.044003
0.044575
0.117785
0.123116
0.092321
0.049198
0.111213
0.064835
0.144379
0.037989
0.041461
0.040805
0.045393
0.044376
0.122330
0.039320
0.038704
0.038836
0.078995
0.080863
0.048003
0.048568
0.052394
0.046057
0.109202
0.043829
0.070763
0.080540
0.047006
0.048955
0.052425
0.054046
0.052463
0.042720
0.090113
0.042870
0.044282
0.069598
0.078556
0.046529
0.046156
0.045938
0.058716
0.039125
0.093057
0.046689
0.044342
