1.339744
0.029769
0.028316
0.029624
0.028043
0.028610
0.028276
0.028126
0.027568
0.027729
0.068508
0.033237
0.028943
0.029605
0.027330
0.027657
0.031899
0.027886
0.027121
0.028151
0.066074
0.029555
0.027935
0.028807
0.027942
0.027860
0.027444
0.027732
0.027667
0.027990
0.066923
0.028601
0.033256
0.030628
0.029423
0.030153
0.029689
0.030015
0.029352
0.029266
0.067650
0.030443
0.029855
0.028579
0.029130
0.029231
0.028150
0.028513
0.027799
0.029622
0.070466
0.029484
0.029075
0.028729
0.028388
0.028894
0.028089
0.028320
0.028942
0.030554
0.069431
0.029790
0.028632
0.029122
0.028266
0.033899
0.031985
0.036199
0.029645
0.029498
0.069455
0.030279
0.028824
0.028898
0.028595
0.030472
0.028221
0.029525
0.027881
0.028714
0.068433
0.030146
0.029274
0.030478
0.038276
0.028836
0.028825
0.029179
0.029053
0.028428
0.068243
0.031207
0.031255
0.028015
0.028641
0.028403
0.032759
0.028026
0.029176
0.028326
0.068271
0.028980
0.028547
0.028816
0.028499
0.028314
0.030666
0.029390
0.028535
0.029088
0.076865
0.029795
0.028463
0.027991
0.027827
0.028956
0.028327
0.028517
0.029427
0.030117
0.069191
0.029924
0.028275
0.028818
0.027950
0.028846
0.028896
0.029995
0.028755
0.029413
0.068969
0.030064
0.028341
0.028621
0.028099
0.029500
0.036445
0.028610
0.027869
0.032286
0.068903
0.029506
0.028362
0.028514
0.028778
0.029232
0.028342
0.029087
0.029838
0.029472
0.069160
0.030545
0.029225
0.028897
0.027858
0.028018
0.028414
0.031034
0.028659
0.029116
0.069191
0.028956
0.028126
0.028707
0.029243
0.028705
0.034583
0.028679
0.028487
0.028495
0.067942
0.030294
0.032101
0.028817
0.028883
0.029335
0.029028
0.029326
0.068479
0.030361
0.070128
0.029457
0.028078
0.028817
0.028793
0.028652
0.028545
0.028627
0.029141
0.069128
0.080986
0.029991
0.028981
0.028512
0.028905
0.029182
0.027559
0.027555
0.027585
0.067685
0.070202
0.029498
0.029061
0.028263
0.028703
0.070107
0.030163
0.069227
0.070167
0.070091
0.067959
0.027864
0.027062
0.068040
0.068887
0.068521
0.071827
0.069594
0.069045
0.069548
0.068697
0.069928
0.071368
0.072682
0.069715
0.070136
0.069924
0.069885
0.072672
0.029876
0.067049
0.070777
0.069742
0.070929
0.069733
0.070414
0.069420
0.072598
0.069767
0.028410
0.068132
0.031744
0.027224
0.028066
0.028099
0.027755
0.028411
0.027701
0.027721
0.027086
0.066659
0.028656
0.027735
0.028376
0.026999
0.027337
0.027579
0.026981
0.026500
0.027665
0.067554
0.028963
0.028112
0.027347
0.032444
0.029818
0.034061
0.029876
0.027889
0.028198
0.066726
0.028848
0.030717
0.028656
0.027348
0.027488
0.027638
0.067009
0.069895
0.070514
0.069382
0.028834
0.027755
0.070743
0.069693
0.069937
0.070614
0.069673
0.069578
0.069855
0.068351
0.073910
0.069486
0.070033
0.069827
0.073931
0.068882
0.069856
0.070383
0.029777
0.068592
0.028724
0.068000
0.029072
0.030058
0.028412
0.026881
0.028348
0.026680
0.027811
0.066289
0.029548
0.029256
0.068274
0.071095
0.071100
0.068920
0.069399
0.029608
0.028465
0.068667
0.029526
0.028234
0.027643
0.027994
0.028154
0.027378
0.027777
0.026869
0.027681
0.069062
0.029242
0.027833
0.029190
0.028465
0.028300
0.027437
0.033512
0.029702
0.028917
0.068964
0.030118
0.028896
0.030692
0.030079
0.028800
0.028258
0.028598
0.028060
0.028428
0.068491
0.030170
0.031713
0.028267
0.028212
0.029559
0.028154
0.028143
0.028413
0.029809
0.067971
0.030221
0.028039
0.028764
0.027909
0.028133
0.027531
0.028072
0.027765
0.028206
0.077178
0.029594
0.029655
0.028193
0.029216
0.029495
0.028045
0.028817
0.027519
0.030090
0.068967
0.029162
0.027891
0.028876
0.027880
0.028747
0.028648
0.029161
0.028130
0.028046
0.068146
0.029206
0.028145
0.028569
0.027885
0.028522
0.028316
0.030114
0.028021
0.028945
0.069335
0.030460
0.029043
0.033349
0.032673
0.071535
0.029213
0.069322
0.029242
0.027797
0.068554
0.028845
0.028428
0.026730
0.026831
0.026769
0.026140
0.026408
0.026733
0.027622
0.066541
0.029693
0.027327
0.027081
0.027161
0.029900
0.027565
0.028086
0.026901
0.027165
0.071574
0.030483
0.027551
0.027965
0.027318
0.028106
0.027525
0.029039
0.028095
0.028197
0.076081
0.029984
0.028522
0.028813
0.026953
0.029094
0.027557
0.029086
0.027749
0.028397
0.067511
0.029307
0.028439
0.068983
0.069632
0.069838
0.029251
0.068957
0.070296
0.070795
0.069622
0.069944
0.069001
0.029459
0.068691
0.069666
0.068956
0.069687
0.069871
0.029366
0.066464
0.029008
0.033120
0.068863
0.069435
0.070847
0.070324
0.072246
0.069652
0.070409
0.069503
0.069801
0.069478
0.070426
0.072835
0.070980
0.071573
0.070703
0.073227
0.070505
0.070497
0.029961
0.068866
0.030658
0.029053
0.028522
0.067509
0.069728
0.071824
0.031192
0.068569
0.071687
0.071543
0.070349
0.069386
0.028687
0.067187
0.069854
0.029187
0.028646
0.068018
0.028404
0.027667
0.027774
0.074981
0.028522
0.026978
0.069562
0.070188
0.070174
0.069286
0.028739
0.028493
0.068141
0.030129
0.068991
0.028904
0.068839
0.028518
0.028306
0.073249
0.030042
0.028213
0.069969
0.069538
0.070255
0.069538
0.069565
0.069248
0.032915
0.068355
0.070980
0.077299
0.071330
0.070641
0.071945
0.070050
0.070128
0.070211
0.070040
0.069230
0.030007
0.027591
0.027911
0.027735
0.028027
0.027218
0.027247
0.027258
0.028408
0.073816
0.029133
0.027559
0.028759
0.027650
0.030741
0.027394
0.027828
0.029751
0.033021
0.067185
0.029770
0.029111
0.029215
0.028112
0.028827
0.027529
0.029077
0.028346
0.027909
0.068804
0.033906
0.027947
0.028212
0.030362
0.028352
0.027083
0.027737
0.027640
0.028569
0.066495
0.029625
0.028280
0.030040
0.028507
0.028659
0.028664
0.029161
0.027896
0.030160
0.069011
0.032052
0.029636
0.033004
0.067907
0.070348
0.030499
0.071234
0.070616
0.070661
0.069720
0.069478
0.070024
0.070668
0.076313
0.070375
0.071007
0.070761
0.068868
0.070450
0.068632
0.071541
0.071205
0.029481
0.027943
0.028494
0.027487
0.028509
0.027774
0.027582
0.067859
0.029858
0.032204
0.028021
0.028216
0.031083
0.027997
0.029215
0.027983
0.028082
0.067258
0.033808
0.030104
0.028439
0.027876
0.028465
0.027396
0.026910
0.027122
0.027924
0.066731
0.028657
0.027988
0.028431
0.034002
0.028223
0.028628
0.029136
0.028660
0.030197
0.068810
0.029069
0.027763
0.027376
0.027099
0.027777
0.027439
0.027133
0.067887
0.069505
0.068645
0.069468
0.069142
0.069832
0.029073
0.028380
0.027453
0.028347
0.028491
0.027911
0.067073
0.029258
0.028385
0.028221
0.031427
0.029768
0.028055
0.028003
0.028613
0.028106
0.066646
0.030302
0.028183
0.028967
0.028823
0.029217
0.027435
0.027334
0.027314
0.027285
0.070665
0.029696
0.028102
0.028374
0.027736
0.028847
0.027508
0.028014
0.027257
0.028176
0.067126
0.030686
0.028408
0.031026
0.028118
0.029886
0.033057
0.029059
0.028105
0.032132
0.075394
0.029778
0.028748
0.028661
0.028238
0.028612
0.029202
0.029612
0.028976
0.033606
0.070938
0.029664
0.028174
0.029297
0.031692
0.030990
0.029029
0.029149
0.030160
0.033007
0.070518
0.030305
0.029395
0.028975
0.028949
0.028684
0.028393
0.030354
0.030583
0.070623
0.069217
0.069165
0.069889
0.069556
0.071653
0.069956
0.068887
0.069379
0.068728
0.028878
0.068075
0.072921
0.069544
0.070202
0.068940
0.071611
0.073294
0.073774
0.070948
0.070072
0.070278
0.069117
0.028112
0.068176
0.069584
0.070223
0.029245
0.033867
0.072418
0.069750
0.069154
0.033093
0.027827
0.027661
0.027693
0.028365
0.026142
0.026960
0.026541
0.027317
0.066325
0.029094
0.027335
0.027623
0.026749
0.026564
0.026790
0.027236
0.026989
0.027833
0.065953
0.029313
0.027330
0.031765
0.026500
0.027508
0.028571
0.028420
0.027108
0.027211
0.067247
0.028299
0.027175
0.027229
0.026741
0.026835
0.025921
0.026782
0.026651
0.026767
0.065524
0.028823
0.027586
0.028346
0.027831
0.028396
0.072897
0.030053
0.028050
0.069320
0.069527
0.069008
0.070070
0.070542
0.034031
0.031403
0.067372
0.029949
0.068628
0.030303
0.068372
0.033139
0.069217
0.029424
0.027234
0.028102
0.068739
0.028852
0.027678
0.028176
0.068083
0.028620
0.027946
0.027996
0.027706
0.027521
0.028141
0.029081
0.027984
0.028169
0.068826
0.029264
0.028991
0.028272
0.068494
0.029322
0.028467
0.029190
0.028199
0.071588
0.071174
0.029358
0.028979
0.069251
0.034217
0.031886
0.069105
0.030431
0.027568
0.029859
0.073991
0.029706
0.028053
0.028443
0.028116
0.028245
0.027522
0.028093
0.026949
0.028102
0.068839
0.030196
0.028527
0.027889
0.027208
0.027325
0.028469
0.027945
0.027568
0.028963
0.067076
0.029550
0.030044
0.028580
0.027870
0.027383
0.026808
0.027652
0.026949
0.028737
0.068367
0.031654
0.029705
0.033310
0.030058
0.029603
0.029948
0.030454
0.028851
0.028412
0.068687
0.030455
0.029760
0.031385
0.028248
0.029499
0.030908
0.029168
0.030205
0.031803
0.070456
0.029737
0.030733
0.029562
0.028741
0.029530
0.028230
0.028652
0.029225
0.028976
0.074572
0.029920
0.031382
0.029175
0.032886
0.030301
0.028934
0.028972
0.028416
0.069458
0.070761
0.029732
0.029262
0.029563
0.068364
0.030073
0.028881
0.029684
0.029003
0.029708
0.068634
0.031657
0.029090
0.028355
0.027767
0.028454
0.028299
0.028038
0.027521
0.028043
0.067291
0.029639
0.028486
0.028818
0.029182
0.028253
0.027433
0.068698
0.029998
0.028988
0.071002
0.030681
0.029700
0.030255
0.027737
0.029278
0.027981
0.027924
0.027042
0.067868
0.069214
0.029647
0.029024
0.028723
0.028711
0.068575
0.029719
0.028752
0.028719
0.068114
0.069907
0.070492
0.030025
0.032503
0.029408
0.028960
0.029123
0.070452
0.072058
0.073668
0.070438
0.030272
0.029231
0.070215
0.031233
0.069963
0.071373
0.070878
0.070040
0.070942
0.070817
0.071144
0.071549
0.071007
0.074283
0.073427
0.071439
0.072166
0.071197
0.071662
0.073495
0.073344
0.030067
0.028256
0.029032
0.028498
0.028210
0.028208
0.068311
0.072275
0.069647
0.071129
0.029263
0.029327
0.030040
0.029252
0.067709
0.034143
0.068841
0.028927
0.067331
0.029995
0.028950
0.070080
0.029856
0.029985
0.069673
0.070734
0.069805
0.070898
0.071458
0.070408
0.075737
0.070605
0.070168
0.070134
0.070287
0.030452
0.070113
0.072067
0.070339
0.070837
0.070387
0.075186
0.071395
0.070216
0.029856
0.068847
0.029377
0.068948
0.072185
0.072847
0.031459
0.029253
0.029029
0.028880
0.028428
0.027734
0.028148
0.028380
0.075578
0.031543
0.072125
0.030680
0.068439
0.031279
0.077048
0.031038
0.028582
0.029753
0.067764
0.071644
0.030098
0.068710
0.029573
0.029151
0.067925
0.029836
0.068639
0.029456
0.067574
0.070229
0.069477
0.069412
0.070214
0.070644
0.071261
0.071587
0.069952
0.030436
0.068327
0.029927
0.033485
0.027809
0.027515
0.027640
0.028200
0.028489
0.027402
0.028323
0.067647
0.029131
0.027587
0.069636
0.030500
0.029325
0.029486
0.029697
0.029728
0.028134
0.068713
0.074537
0.034463
0.029315
0.028763
0.068043
0.032482
0.030173
0.028601
0.028095
0.067295
0.029797
0.029470
0.029670
0.027719
0.028536
0.028173
0.028901
0.027480
0.028732
0.067233
0.029899
0.028937
0.029190
0.029313
0.031372
0.030272
0.028411
0.028675
0.069080
0.071217
0.031441
0.029786
0.030231
0.027764
0.028810
0.027119
0.028628
0.027266
0.028515
0.066721
0.028950
0.029223
0.028357
0.031918
0.029565
0.027875
0.028335
0.028259
0.027977
0.067683
0.029762
0.028944
0.028510
0.027772
0.028297
0.028976
0.027725
0.027258
0.028697
0.066934
0.030093
0.032752
0.030414
0.027907
0.028778
0.028063
0.071899
0.070443
0.069889
0.069911
0.070148
0.069926
0.071044
0.031233
0.029434
0.028749
0.028944
0.028062
0.028134
0.066847
0.030226
0.028603
0.032094
0.028112
0.028358
0.029367
0.030726
0.028345
0.030492
0.067392
0.030166
0.028556
0.030920
0.029857
0.029708
0.027818
0.028558
0.027592
0.030763
0.069994
0.035334
0.031960
0.028944
0.028106
0.032593
0.028024
0.029635
0.028065
0.027963
0.067807
0.029926
0.028600
0.028711
0.027890
0.028747
0.029277
0.028517
0.028291
0.031394
0.069018
0.029181
0.028062
0.027902
0.027997
0.028239
0.027817
0.028344
0.032704
0.028673
0.068505
0.029098
0.027835
0.028159
0.028306
0.028403
0.030495
0.028666
0.028748
0.028564
0.068881
0.029469
0.028083
0.029424
0.027756
0.028881
0.028111
0.028329
0.027648
0.028503
0.070113
0.029617
0.028409
0.028445
0.029309
0.028742
0.027494
0.028431
0.027915
0.029918
0.072921
0.031078
0.028623
0.028900
0.030837
0.030301
0.029202
0.028979
0.028465
0.030181
0.069447
0.030251
0.029882
0.028937
0.028703
0.028317
0.028738
0.028634
0.027304
0.028151
0.067889
0.029243
0.028565
0.028982
0.027615
0.028465
0.027895
0.029613
0.029999
0.032526
0.068800
0.027959
0.027317
0.028831
0.031562
0.027973
0.027311
0.027435
0.028123
0.030226
0.069292
0.029772
0.028266
0.028745
0.028846
0.028419
0.027311
0.028196
0.027291
0.030606
0.067809
0.029595
0.028505
0.028373
0.030398
0.028707
0.027806
0.033314
0.027624
0.029641
0.068762
0.030113
0.029013
0.028942
0.029437
0.035837
0.031949
0.028938
0.029664
0.030132
0.068753
0.029292
0.029912
0.031651
0.028981
0.029892
0.028633
0.029329
0.033588
0.028941
0.068223
0.028588
0.027935
0.028487
0.028429
0.026872
0.069319
0.029742
0.029301
0.028802
0.068070
0.029604
0.028973
0.029056
0.029064
0.028945
0.067233
0.069412
0.068495
0.030117
0.067244
0.029895
0.028122
0.027544
0.028121
0.069446
0.029385
0.028240
0.028594
0.028096
0.070133
0.031919
0.028552
0.028365
0.027644
0.068512
0.071133
0.069850
0.068779
0.069064
0.069836
0.071265
0.030122
0.068508
0.069855
0.070352
0.069872
0.070377
0.068867
0.075026
0.070074
0.070111
0.069545
0.069211
0.069560
0.069523
0.069393
0.069566
0.030252
0.069188
0.069548
0.071315
0.069336
0.069655
0.028185
0.028321
0.026819
0.027124
0.027201
0.027853
0.066286
0.029097
0.027652
0.028862
0.026614
0.069071
0.072958
0.070546
0.069597
0.069689
0.069700
0.071476
0.069651
0.028155
0.026229
0.026444
0.068817
0.029267
0.069504
0.028700
0.067806
0.069011
0.068325
0.027936
0.071229
0.028172
0.067408
0.028010
0.067282
0.069017
0.069002
0.031223
0.027682
0.026960
0.031897
0.028150
0.027352
0.026958
0.026661
0.026730
0.065628
0.028300
0.031904
0.028627
0.026806
0.026904
0.026962
0.026823
0.066720
0.028771
0.068405
0.028250
0.027343
0.027477
0.028014
0.026582
0.026540
0.027138
0.026877
0.027118
0.067628
0.028652
0.027442
0.026946
0.030561
0.026886
0.026676
0.026824
0.027272
0.027185
0.066133
0.028768
0.026952
0.027628
0.027686
0.027194
0.027684
0.029107
0.026230
0.027570
0.067056
0.027508
0.026741
0.027063
0.026700
0.027045
0.026462
0.028288
0.026670
0.026296
0.068859
0.028291
0.026869
0.027121
0.067446
0.028304
0.075417
0.068828
0.028455
0.028117
0.068272
0.029528
0.028244
0.028427
0.027565
0.067952
0.028718
0.027995
0.028943
0.068443
0.068132
0.030065
0.028794
0.068000
0.069931
0.028739
0.027402
0.067696
0.028425
0.027220
0.065985
0.027996
0.026925
0.026832
0.026649
0.027244
0.068409
0.028714
0.027835
0.030087
0.066756
0.028241
0.027449
0.027799
0.070436
0.069336
0.068687
0.067987
0.027866
0.027736
0.066358
0.033557
0.027298
0.068325
0.069859
0.070452
0.028746
0.067674
0.028994
0.029191
0.068249
0.029106
0.027465
0.028188
0.027690
0.028297
0.027505
0.027828
0.027381
0.027659
0.069745
0.029028
0.027801
0.031545
0.027891
0.029243
0.027627
0.028091
0.026929
0.027999
0.068085
0.032088
0.033632
0.030129
0.027750
0.028416
0.027263
0.027404
0.027858
0.027904
0.067186
0.028390
0.027483
0.029056
0.032223
0.028894
0.027593
0.027957
0.031210
0.028828
0.067886
0.029271
0.028963
0.027828
0.028322
0.028177
0.027652
0.027820
0.028987
0.029339
0.068528
0.028784
0.027835
0.027551
0.031228
0.029003
0.027524
0.028281
0.028061
0.028356
0.069432
0.031385
0.028492
0.028421
0.028509
0.033034
0.031096
0.028367
0.028370
0.027940
0.067958
0.029106
0.027772
0.028045
0.028192
0.027942
0.027853
0.028470
0.027540
0.027990
0.069355
0.029648
0.027537
0.028352
0.027492
0.027859
0.027428
0.028096
0.027676
0.027991
0.067748
0.036855
0.028576
0.028286
0.027349
0.028116
0.027527
0.027712
0.028386
0.029056
0.067669
0.029309
0.028286
0.028052
0.027652
0.028015
0.028383
0.029373
0.027914
0.027633
0.067907
0.028794
0.032361
0.031403
0.029758
0.028133
0.027658
0.027777
0.027634
0.027864
0.069157
0.028795
0.027573
