1.198766
0.113084
0.106364
0.102019
0.112005
0.107836
0.105145
0.110286
0.110129
0.110641
0.135650
0.105476
0.105985
0.104814
0.111739
0.105262
0.104767
0.105214
0.107308
0.104484
0.130733
0.108961
0.111195
0.114632
0.112918
0.105092
0.114263
0.104648
0.111255
0.106367
0.128236
0.103084
0.104558
0.103630
0.105889
0.113063
0.113118
0.112584
0.120283
0.106116
0.126104
0.106673
0.101979
0.103749
0.110436
0.103138
0.105175
0.103177
0.103756
0.106076
0.127470
0.101624
0.105459
0.104303
0.107989
0.105168
0.102379
0.104764
0.110231
0.113703
0.127333
0.113879
0.103406
0.109162
0.104481
0.104607
0.105422
0.104225
0.107459
0.108174
0.127988
0.105663
0.106224
0.107001
0.106388
0.077115
0.107219
0.112779
0.109382
0.108169
0.128745
0.104869
0.105092
0.106380
0.106228
0.107043
0.104111
0.105346
0.105642
0.106440
0.127662
0.114427
0.114338
0.111067
0.104186
0.105842
0.108848
0.106389
0.107447
0.104351
0.133919
0.114215
0.109167
0.112873
0.108110
0.109071
0.105639
0.104679
0.103456
0.107930
0.127651
0.110959
0.107516
0.106957
0.112610
0.106953
0.103445
0.105375
0.103568
0.108399
0.126283
0.106080
0.104018
0.103540
