2.209097
0.391647
0.129167
0.104229
0.107096
0.106033
0.111648
0.104706
0.112199
0.104937
0.130716
0.104309
0.114956
0.104898
0.108216
0.106908
0.113757
0.110262
0.104416
0.104041
0.126770
0.103804
0.107428
0.103765
0.111969
0.103991
0.103964
0.103632
0.104340
0.111957
0.133083
0.106877
0.109048
0.114801
0.105598
0.105121
0.106085
0.120398
0.106541
0.112930
0.135204
0.108534
0.103243
0.124740
0.105779
0.103849
0.103184
0.105699
0.104362
0.106627
0.130808
0.103547
0.103560
0.114815
0.113024
0.103936
0.108043
0.109809
0.115098
0.101549
0.126204
0.104188
0.106734
0.114344
0.103745
0.109714
0.106362
0.104771
0.105273
0.104952
0.130015
0.112500
0.104827
0.112746
0.109412
0.105446
0.108869
0.104278
0.102389
0.108349
0.126627
0.106208
0.112231
0.112496
0.104010
0.111344
0.104193
0.107606
0.105459
0.112725
0.129495
0.105574
0.103390
0.118954
0.114306
0.105968
0.107198
0.105798
0.106949
0.104359
0.129407
0.103300
0.113446
0.107144
0.102325
0.103642
0.101752
0.109975
0.106018
0.106356
0.127460
0.107652
0.105021
0.103449
0.103296
0.105569
0.106600
0.105558
0.103893
0.103423
0.127920
0.106478
0.111652
0.112023
0.105519
0.106817
0.111751
0.103778
0.105654
0.112205
0.134136
0.105877
0.107545
0.104913
0.106053
0.104200
0.104196
0.102646
0.105287
0.113725
0.136168
0.113536
0.107111
0.114820
0.107800
0.104512
0.104459
0.101161
0.103693
0.102393
0.144194
0.106373
0.114021
0.104334
0.103244
0.105962
0.120273
0.111898
0.103468
0.102036
0.127381
0.105324
0.114237
0.108312
