1.207283
0.105055
0.109247
0.106015
0.107577
0.106273
0.104830
0.105724
0.106063
0.107575
0.128833
0.107514
0.106991
0.107635
0.107648
0.112739
0.105972
0.109366
0.107387
0.107356
0.129644
0.111255
0.109299
0.105282
0.111857
0.103946
0.104716
0.105520
0.105421
0.103430
0.129921
0.113606
0.115638
0.117018
0.114328
0.114488
0.111884
0.115301
0.105079
0.103172
0.131294
0.105308
0.106950
0.108529
0.108214
0.106120
0.110306
0.104241
0.115093
0.106002
0.128941
0.107100
0.105322
0.113914
0.115535
0.115559
0.105568
0.104836
0.106095
0.106596
0.129659
0.104337
0.104462
0.103114
0.107426
0.104264
0.109415
0.105615
0.106260
0.106392
0.137506
0.111576
0.114091
0.114297
0.112386
0.104000
0.104606
0.107047
0.106788
0.106409
0.129989
0.113388
0.107112
0.106327
0.104560
0.105052
0.108909
0.106869
0.109000
0.103798
0.129697
0.107239
0.107612
0.129208
0.130457
0.132194
0.133676
0.113006
0.139077
0.136128
0.136913
0.139079
0.129601
0.106145
0.111011
0.111111
0.114985
0.116430
0.109729
0.105613
0.129169
0.117804
0.112954
0.111548
0.110117
0.103778
0.104692
0.109734
0.111110
0.104919
0.132875
0.103353
0.110597
0.111180
0.107585
0.105400
0.128108
0.128508
0.128391
0.134947
0.127004
0.104048
0.129408
0.131056
0.130118
0.128136
0.129078
0.132427
0.128000
0.106333
0.131666
0.105356
0.106357
0.129836
0.111395
0.110610
0.109982
0.110096
0.134758
0.107319
0.144583
0.104713
0.105075
0.104567
0.106123
0.104395
0.106890
0.105084
0.107108
0.110851
0.128695
0.104606
0.105766
0.113330
