1.213042
0.115411
0.108612
0.109280
0.109170
0.107569
0.107440
0.103680
0.105651
0.102944
0.134648
0.139655
0.106732
0.127543
0.110752
0.128307
0.108770
0.107353
0.108770
0.107176
0.130414
0.107341
0.106957
0.107543
0.128277
0.119562
0.114042
0.115694
0.116258
0.111814
0.134487
0.118928
0.115364
0.115221
0.113393
0.113587
0.113704
0.113210
0.138207
0.136576
0.136968
0.129604
0.136187
0.111687
0.105403
0.104006
0.105415
0.132423
0.133055
0.128011
0.128076
0.105286
0.112228
0.106772
0.107089
0.110004
0.106132
0.105760
0.104344
0.105450
0.128628
0.107271
0.107627
0.105896
0.115905
0.107916
0.132205
0.131308
0.113456
0.106800
0.132997
0.107279
0.108523
0.109725
0.110479
0.106775
0.109317
0.106205
0.117193
0.108791
0.131115
0.104498
0.106507
0.103596
0.106882
0.116430
0.106540
0.109982
0.106830
0.107968
0.138887
0.112253
0.108644
0.106789
0.109950
0.113299
0.116041
0.106209
0.113263
0.107032
0.129427
0.107176
0.106985
0.106273
0.107326
0.109781
0.105994
0.114057
0.114538
0.116663
0.139665
0.107241
0.114576
0.108218
0.105782
0.108454
0.112317
0.110401
0.112383
0.107276
0.131696
0.104086
0.106808
0.105356
0.110693
0.106979
0.112462
0.114529
0.112303
0.111106
0.129723
0.111402
0.107860
0.113562
0.106632
0.107310
0.104356
0.107263
0.115680
0.119689
0.137059
0.110037
0.110232
0.106271
0.111596
0.116621
0.110226
0.107336
0.109498
0.108522
0.139663
0.104677
0.105981
0.106845
0.105297
0.105940
0.106843
0.105911
0.105222
0.111435
0.131093
0.102774
0.104996
0.111735
