1.212635
0.112740
0.115480
0.105489
0.109691
0.113723
0.113606
0.105679
0.119301
0.114185
0.137836
0.107558
0.112771
0.123194
0.107272
0.106943
0.106652
0.117771
0.113335
0.115232
0.128783
0.108908
0.116499
0.109437
0.106283
0.107063
0.105658
0.105045
0.115841
0.112478
0.130785
0.105668
0.107809
0.104460
0.104917
0.105275
0.105589
0.106933
0.109504
0.106083
0.125263
0.103727
0.106310
0.106434
0.105438
0.103680
0.106635
0.113177
0.105443
0.102767
0.127803
0.104284
0.105427
0.104373
0.106184
0.102793
0.112514
0.102376
0.104431
0.105853
0.130845
0.104259
0.109577
0.107993
0.107507
0.113271
0.105922
0.105669
0.104619
0.108801
0.133113
0.110712
0.107424
0.107916
0.112325
0.106211
0.104746
0.105233
0.107130
0.106031
0.129767
0.105682
0.107102
0.110700
0.106043
0.107876
0.107971
0.106893
0.108527
0.105207
0.132039
0.116894
0.114287
0.114225
0.115921
0.109226
0.111275
0.104070
0.106392
0.105296
0.131447
0.103692
0.106170
0.107037
0.107954
0.109553
0.109016
0.105869
0.106703
0.110283
0.137235
0.107490
0.106177
0.105979
0.118611
0.111790
0.108875
0.108063
0.105240
0.104109
0.136755
0.111611
0.108191
0.104860
0.110293
0.105982
0.107796
0.116008
0.114329
0.113455
0.141790
0.106456
0.106807
0.107093
0.105645
0.109689
0.117654
0.113142
0.113403
0.113379
0.130204
0.109898
0.105401
0.105200
0.106080
0.108875
0.106816
0.107700
0.108017
0.117146
0.129885
0.104429
0.106109
0.103220
0.107816
0.106138
0.130733
0.130186
0.133642
0.128111
0.141654
0.129745
0.134959
0.128945
