1.201779
0.106420
0.105963
0.102621
0.107363
0.106125
0.107315
0.105027
0.107529
0.106033
0.130580
0.104694
0.105901
0.107133
0.110497
0.105050
0.106310
0.103673
0.115016
0.105671
0.128523
0.104625
0.106895
0.106163
0.113689
0.101872
0.111036
0.103914
0.103487
0.124699
0.123770
0.125189
0.125085
0.127089
0.126740
0.128947
0.126016
0.129113
0.126891
0.106719
0.127505
0.135914
0.125542
0.128901
0.126584
0.134826
0.124765
0.125077
0.126474
0.126444
0.135043
0.101222
0.102433
0.102366
0.112037
0.107967
0.120672
0.110645
0.108940
0.111743
0.129091
0.105278
0.102094
0.110011
0.134113
0.129232
0.108550
0.104451
0.106820
0.105001
0.127376
0.105422
0.102937
0.129235
0.107157
0.127604
0.133755
0.134883
0.129100
0.133648
0.124887
0.126273
0.133372
0.102609
0.110737
0.110637
0.110788
0.109551
0.110735
0.114971
0.137548
0.112985
0.114730
0.114691
0.107962
0.107491
0.104992
0.101081
0.100843
0.101552
0.128425
0.110775
0.105566
0.107293
0.109435
0.101675
0.103102
0.103527
0.111828
0.107771
0.135059
0.110309
0.103402
0.107208
0.107065
0.100242
0.103390
0.101939
0.108649
0.108157
0.133166
0.101211
0.102173
0.102911
0.101939
0.101129
0.101343
0.106505
0.102397
0.101973
0.130843
0.103567
0.109586
0.104025
0.105285
0.106361
0.109395
0.114340
0.112951
0.104048
0.128033
0.101362
0.112426
0.105045
0.109816
0.117596
0.109672
0.108432
0.106821
0.101486
0.130181
0.107051
0.102720
0.105053
0.110208
0.109920
0.114196
0.105262
0.106756
0.111361
0.136762
0.109496
0.109383
0.111637
