1.204966
0.113308
0.104979
0.129460
0.128166
0.107605
0.126265
0.104655
0.105350
0.127970
0.140431
0.142827
0.137437
0.145615
0.139491
0.139092
0.144832
0.138755
0.129411
0.128495
0.138437
0.107553
0.130168
0.129966
0.130349
0.132360
0.129853
0.106422
0.106653
0.111883
0.132952
0.106931
0.107387
0.115233
0.120990
0.108644
0.134008
0.112919
0.104123
0.105905
0.129007
0.114381
0.109647
0.128060
0.104611
0.104903
0.103858
0.110126
0.106976
0.104888
0.130298
0.105191
0.105683
0.104678
0.106959
0.104920
0.108520
0.105731
0.109010
0.111383
0.141732
0.105772
0.105074
0.108522
0.105186
0.105712
0.105813
0.107330
0.106759
0.112042
0.129431
0.107557
0.104105
0.103769
0.105068
0.102149
0.104628
0.101243
0.105862
0.102874
0.125234
0.104665
0.103365
0.102192
0.101499
0.103155
0.102688
0.109413
0.103763
0.105127
0.129057
0.107412
0.103751
0.105866
0.106084
0.104418
0.105995
0.105695
0.129890
0.105263
0.132420
0.106778
0.116294
0.105338
0.106805
0.106186
0.104730
0.106085
0.110898
0.106543
0.136271
0.105819
0.129196
0.129979
0.105909
0.103726
0.127833
0.102696
0.105671
0.103147
0.127351
0.104831
0.107117
0.103729
0.104015
0.102179
0.105701
0.104066
0.110634
0.114455
0.128947
0.104312
0.102978
0.109157
0.104427
0.113191
0.112324
0.104094
0.103688
0.106436
0.130063
0.105976
0.105056
0.106030
0.105338
0.110056
0.112080
0.107580
0.111543
0.106460
0.129060
0.106968
0.106981
0.108380
0.113611
0.111273
0.106026
0.105954
0.105915
0.104730
0.129921
0.110049
0.104889
0.106066
