1.189665
0.106760
0.103644
0.107742
0.105760
0.106188
0.102772
0.104213
0.112805
0.105903
0.128757
0.104279
0.111060
0.104884
0.110338
0.129599
0.129135
0.136857
0.136796
0.130171
0.133834
0.136523
0.136776
0.128643
0.128309
0.138483
0.136048
0.103905
0.104281
0.107049
0.127120
0.107140
0.107186
0.102961
0.133783
0.130752
0.129665
0.133516
0.153657
0.129998
0.136488
0.128245
0.130976
0.130268
0.103014
0.106501
0.130825
0.128715
0.127569
0.111894
0.127589
0.129771
0.127978
0.130475
0.128158
0.129695
0.131408
0.130148
0.105983
0.105501
0.131310
0.129876
0.114434
0.102871
0.109071
0.129438
0.131854
0.105597
0.104960
0.106114
0.131411
0.104118
0.106162
0.105077
0.118771
0.103022
0.101643
0.102807
0.104662
0.111042
0.127958
0.105217
0.105865
0.110517
0.104465
0.104333
0.106895
0.105743
0.108761
0.107607
0.129075
0.104735
0.104892
0.105012
0.103749
0.106746
0.109002
0.130115
0.106682
0.128966
0.129863
0.104899
0.105350
0.106141
0.103942
0.112333
0.110192
0.105638
0.106001
0.104428
0.133852
0.105222
0.104854
0.113801
0.105120
0.106217
0.106874
0.103923
0.105814
0.107132
0.132862
0.114715
0.102823
0.106847
0.103809
0.109048
0.111030
0.110858
0.107460
0.104375
0.126480
0.104928
0.103217
0.106966
0.102839
0.110764
0.103029
0.130941
0.102562
0.102955
0.127778
0.109751
0.104791
0.129638
0.111032
0.104100
0.103854
0.104758
0.102863
0.105355
0.141923
0.111908
0.110459
0.104697
0.104431
0.107110
0.106217
0.107544
0.104388
0.107885
0.129521
0.105119
0.102818
0.103662
