1.241445
0.109646
0.105811
0.105973
0.113337
0.119123
0.109220
0.102959
0.103877
0.106835
0.130236
0.106255
0.109141
0.105688
0.110140
0.103546
0.104713
0.112124
0.117388
0.112938
0.131758
0.104308
0.103821
0.107620
0.105918
0.106233
0.109454
0.112462
0.106450
0.108454
0.130020
0.133480
0.130730
0.129696
0.128985
0.129182
0.129055
0.128694
0.125921
0.126550
0.125504
0.126418
0.127454
0.127734
0.137100
0.127944
0.135362
0.105663
0.105619
0.104333
0.128422
0.108808
0.113464
0.108177
0.107875
0.107336
0.104436
0.104369
0.102969
0.103730
0.128422
0.108790
0.108758
0.105681
0.107494
0.105465
0.107807
0.112460
0.104402
0.114273
0.140700
0.114780
0.105712
0.105186
0.104552
0.105726
0.107920
0.109144
0.105617
0.115026
0.137509
0.104605
0.105760
0.105015
0.107443
0.101963
0.105225
0.102903
0.107100
0.104775
0.128952
0.106646
0.105685
0.111053
0.110661
0.104035
0.105705
0.110332
0.103828
0.105028
0.131304
0.106221
0.106407
0.105734
0.107100
0.106388
0.108915
0.104788
0.107654
0.112270
0.136804
0.108694
0.111912
0.102067
0.103180
0.103876
0.108025
0.105289
0.106519
0.106436
0.135408
0.112188
0.113965
0.110755
0.113438
0.111291
0.108842
0.104497
0.110371
0.107316
0.130265
0.106535
0.112551
0.103948
0.105555
0.106905
0.104466
0.113408
0.106139
0.105916
0.131810
0.112814
0.106657
0.107157
0.107148
0.105972
0.109098
0.105078
0.106914
0.106086
0.134276
0.113602
0.114233
0.114614
0.116181
0.113508
0.113252
0.105998
0.108535
0.136053
0.130874
0.107093
0.129018
0.140664
