1.212826
0.106750
0.107336
0.105382
0.105110
0.118378
0.137434
0.134538
0.130696
0.133870
0.128181
0.103220
0.108265
0.104700
0.106088
0.104178
0.107307
0.112442
0.111981
0.106185
0.128332
0.109887
0.111562
0.108454
0.113828
0.111044
0.114540
0.115789
0.113734
0.114300
0.129371
0.106131
0.105356
0.107327
0.115555
0.109295
0.108432
0.106148
0.107219
0.105173
0.130736
0.128831
0.129418
0.128948
0.109962
0.104903
0.129820
0.108081
0.104072
0.127643
0.128005
0.104393
0.102111
0.104659
0.127849
0.127978
0.128276
0.133472
0.128545
0.106095
0.127238
0.135442
0.108632
0.104753
0.110944
0.110586
0.106153
0.112503
0.105104
0.104687
0.129843
0.104828
0.108398
0.106324
0.108286
0.105779
0.107013
0.105419
0.103325
0.108249
0.126339
0.104129
0.105065
0.103793
0.105183
0.106514
0.105938
0.102762
0.108876
0.108476
0.130113
0.104061
0.111948
0.104242
0.106711
0.111686
0.106820
0.107085
0.108783
0.112460
0.130291
0.110140
0.113635
0.106246
0.113943
0.107039
0.106612
0.110469
0.106682
0.105015
0.132555
0.107997
0.109289
0.106322
0.110216
0.108215
0.107304
0.112317
0.114902
0.115177
0.131306
0.107772
0.108006
0.108585
0.113683
0.111496
0.114340
0.105976
0.108245
0.110192
0.129422
0.108284
0.106305
0.104657
0.107524
0.104656
0.112891
0.104603
0.106081
0.105378
0.131858
0.105344
0.112742
0.116554
0.106916
0.112821
0.105758
0.107558
0.104799
0.105389
0.130690
0.113495
0.114533
0.104892
0.108108
0.111900
0.113950
0.110570
0.121792
0.112688
0.137480
0.113965
0.113084
0.107249
