1.198789
0.106177
0.113646
0.107841
0.107003
0.104573
0.135590
0.110068
0.106708
0.110739
0.127609
0.136176
0.106097
0.109700
0.104944
0.104933
0.108847
0.105377
0.110315
0.103921
0.131250
0.102006
0.108516
0.104075
0.102682
0.104045
0.102470
0.106213
0.104728
0.106090
0.127967
0.118073
0.106892
0.113257
0.105380
0.106596
0.107507
0.104342
0.106256
0.104160
0.128999
0.104867
0.105973
0.104747
0.106078
0.106415
0.105598
0.106712
0.114919
0.103858
0.127522
0.103121
0.107066
0.111446
0.106833
0.107613
0.109623
0.110408
0.105935
0.102109
0.127131
0.107226
0.105754
0.104161
0.108484
0.107005
0.115142
0.106438
0.105126
0.104063
0.126354
0.113451
0.111721
0.102995
0.105195
0.103517
0.113122
0.110998
0.105576
0.106919
0.139336
0.110025
0.103277
0.103356
0.105208
0.113358
0.112182
0.103041
0.108541
0.104499
0.127296
0.108366
0.106105
0.103801
0.107927
0.107347
0.110994
0.115236
0.115398
0.107982
0.131155
0.106312
0.114004
0.113044
0.110999
0.104187
0.105461
0.110016
0.108525
0.107713
0.129886
0.117989
0.113568
0.103002
0.116409
0.112047
0.113703
0.110682
0.107252
0.103776
0.134436
0.107974
0.107216
0.106738
0.106108
0.107024
0.106651
0.103851
0.102461
0.107626
0.127950
0.104872
0.103816
0.112211
0.105743
0.104124
0.103826
0.103683
0.109937
0.106091
0.128101
0.107925
0.104798
0.104576
0.105359
0.105818
0.106474
0.112339
0.109074
0.108139
0.131381
0.102254
0.102969
0.100685
0.105856
0.101718
0.110921
0.103963
0.101737
0.104316
0.127768
0.104799
0.105444
0.110826
