1.194946
0.111662
0.114868
0.113662
0.115021
0.106056
0.113369
0.119432
0.115618
0.107114
0.139872
0.114898
0.120244
0.113227
0.111087
0.109850
0.106494
0.106456
0.106223
0.106676
0.132695
0.107455
0.114511
0.115190
0.108059
0.106908
0.111030
0.106951
0.107014
0.109117
0.131127
0.104328
0.109588
0.111568
0.107998
0.134397
0.106631
0.105980
0.105633
0.129773
0.129104
0.104450
0.107413
0.109025
0.106242
0.104968
0.112586
0.114802
0.105906
0.104335
0.129531
0.111732
0.113045
0.138217
0.107906
0.105757
0.109543
0.105158
0.105483
0.110912
0.131617
0.104407
0.104990
0.103786
0.105995
0.114584
0.114857
0.108036
0.110393
0.113323
0.137046
0.106331
0.109485
0.109587
0.112374
0.114774
0.112879
0.112985
0.115921
0.106609
0.129551
0.106656
0.107189
0.107877
0.107576
0.117655
0.105670
0.106637
0.107222
0.104996
0.129403
0.106588
0.114507
0.104800
0.115934
0.112550
0.114708
0.106763
0.109504
0.113541
0.139204
0.106797
0.107688
0.111870
0.106784
0.107034
0.107645
0.109370
0.114680
0.116405
0.136595
0.116187
0.105351
0.105516
0.107432
0.111828
0.113559
0.114258
0.114969
0.115387
0.133485
0.106451
0.106416
0.104996
0.122362
0.114290
0.116452
0.105883
0.106519
0.104190
0.131326
0.107439
0.108311
0.109179
0.106936
0.107087
0.114780
0.110978
0.115746
0.114843
0.133961
0.107067
0.106722
0.108951
0.108514
0.107030
0.109902
0.106090
0.106579
0.106013
0.130881
0.107121
0.108256
0.108016
0.107858
0.110944
0.109335
0.106616
0.110375
0.108089
0.131162
0.107497
0.108940
0.107078
