1.216035
0.111526
0.106371
0.105312
0.129534
0.127238
0.128491
0.126891
0.104053
0.127946
0.134647
0.129714
0.117983
0.116595
0.112544
0.106400
0.106491
0.110797
0.108081
0.128013
0.127664
0.107494
0.103640
0.105035
0.105727
0.112939
0.107531
0.132844
0.106919
0.105533
0.129118
0.132608
0.104577
0.105154
0.109057
0.104678
0.105110
0.103970
0.105453
0.106143
0.130501
0.104369
0.104950
0.108585
0.109582
0.104961
0.109964
0.105494
0.116602
0.111185
0.129427
0.106080
0.109609
0.113225
0.107066
0.106045
0.115220
0.114815
0.107757
0.106135
0.134132
0.115099
0.117427
0.115591
0.111535
0.113862
0.114625
0.108927
0.107954
0.106964
0.128884
0.108225
0.112073
0.107852
0.107040
0.112452
0.106928
0.109391
0.105763
0.105136
0.129543
0.106698
0.105776
0.103508
0.109941
0.103932
0.108999
0.108629
0.110803
0.108538
0.144122
0.115040
0.114241
0.107765
0.107869
0.107274
0.107471
0.109518
0.109188
0.106608
0.129029
0.113847
0.106714
0.107116
0.114512
0.113826
0.108266
0.110682
0.108959
0.105374
0.132035
0.107092
0.108667
0.107181
0.111548
0.106440
0.107989
0.107549
0.108648
0.109531
0.138245
0.102303
0.107114
0.110721
0.104393
0.113260
0.114749
0.110643
0.113056
0.105588
0.136724
0.108771
0.108627
0.106433
0.106034
0.105236
0.107502
0.111455
0.106378
0.106241
0.129722
0.105537
0.105368
0.106011
0.104506
0.118559
0.106223
0.113364
0.115683
0.115515
0.129189
0.113391
0.113397
0.106463
0.109479
0.114689
0.116280
0.115206
0.120940
0.109199
0.129462
0.109264
0.112310
0.112943
