1.204204
0.105639
0.102912
0.105726
0.108649
0.108182
0.106666
0.105284
0.107490
0.135476
0.136916
0.130696
0.109333
0.130953
0.128457
0.129428
0.130304
0.143024
0.128673
0.109492
0.127804
0.118896
0.107171
0.105245
0.107195
0.106054
0.107432
0.105707
0.108682
0.104967
0.131385
0.103675
0.105988
0.127886
0.140416
0.107850
0.108537
0.108052
0.107511
0.109618
0.129457
0.103731
0.107371
0.108849
0.108548
0.104219
0.106294
0.106501
0.114706
0.112047
0.129055
0.125013
0.129062
0.106819
0.131573
0.129413
0.110593
0.107716
0.109370
0.106304
0.130600
0.105922
0.109368
0.107952
0.129145
0.131948
0.131274
0.108738
0.106933
0.132300
0.131067
0.131086
0.134925
0.132445
0.130620
0.127138
0.135725
0.116386
0.113873
0.106195
0.128957
0.141627
0.114233
0.104628
0.108510
0.114640
0.115688
0.115035
0.114729
0.114136
0.139593
0.115372
0.115372
0.111831
0.113505
0.106484
0.107272
0.108172
0.109601
0.109459
0.131530
0.143195
0.138538
0.115337
0.132383
0.129585
0.105867
0.110163
0.105909
0.106623
0.131992
0.113374
0.107411
0.109555
0.107352
0.106297
0.108365
0.106370
0.111933
0.104361
0.131843
0.105999
0.116739
0.114831
0.113460
0.106875
0.110011
0.112340
0.114494
0.106947
0.132671
0.110944
0.107522
0.111023
0.106988
0.106927
0.107603
0.106904
0.105397
0.107616
0.130441
0.106562
0.106294
0.105775
0.135939
0.113146
0.118189
0.107327
0.105942
0.107974
0.130969
0.106282
0.107888
0.106235
0.105993
0.132766
0.109234
0.110228
0.114018
0.111222
0.128730
0.107412
0.112319
0.108066
