1.185380
0.112384
0.104478
0.104349
0.102498
0.104818
0.105462
0.103375
0.117606
0.114015
0.132564
0.106525
0.117419
0.114819
0.105577
0.132439
0.130479
0.143356
0.131109
0.131958
0.134182
0.129534
0.132695
0.131703
0.131070
0.130294
0.138742
0.138507
0.130792
0.103273
0.127635
0.128131
0.114297
0.112654
0.134092
0.105667
0.111476
0.130823
0.108044
0.136122
0.131049
0.128503
0.130628
0.111443
0.107116
0.129290
0.131836
0.129741
0.139884
0.129756
0.130498
0.105927
0.107549
0.106527
0.104584
0.103838
0.117440
0.114424
0.112639
0.106552
0.133930
0.138544
0.131976
0.133903
0.132967
0.129144
0.128681
0.128916
0.105508
0.117486
0.129578
0.106034
0.106152
0.109720
0.109086
0.108796
0.109259
0.111780
0.108122
0.107308
0.128934
0.108462
0.113582
0.105132
0.108752
0.107939
0.118823
0.107179
0.108338
0.106200
0.132275
0.111847
0.113644
0.105082
0.104750
0.115905
0.117081
0.112776
0.110833
0.109157
0.129063
0.103631
0.105071
0.104540
0.106797
0.106272
0.106344
0.105200
0.111268
0.108474
0.140125
0.107575
0.107168
0.107238
0.107882
0.105495
0.111702
0.117637
0.115698
0.117057
0.137846
0.116484
0.114246
0.114636
0.117890
0.113527
0.106548
0.108364
0.109732
0.109453
0.131447
0.106674
0.107835
0.110195
0.117989
0.113623
0.118271
0.114305
0.108907
0.109581
0.130786
0.108712
0.115592
0.107853
0.108605
0.108974
0.114341
0.117967
0.111577
0.108493
0.137905
0.112695
0.106548
0.105675
0.109218
0.107520
0.105820
0.105652
0.109715
0.108968
0.138479
0.109826
0.109749
0.112942
